Date,Open,High,Low,Close,Volume,Dividends,Stock Splits,MarketCap,Revenue_Growth,Earnings_Growth,ROE,Operating_Margins,Debt_To_Equity,Returns_1Y,Returns_2Y,Returns_3Y,Volume_MA50,Volume_Ratio,Volatility,Price_Level,Higher_Highs
2021-11-09 00:00:00+05:30,481.0002136230469,488.99322509765625,468.7032470703125,471.020751953125,48738,0.0,0.0,170432610304,0.268,0.495,0.08401,0.31329,329.777,,,,,,,,False
2021-11-10 00:00:00+05:30,471.020751953125,477.1219482421875,463.9736328125,466.43304443359375,27035,0.0,0.0,170432610304,0.268,0.495,0.08401,0.31329,329.777,,,,,,,,False
2021-11-11 00:00:00+05:30,468.7978515625,548.1605224609375,455.0346984863281,497.83758544921875,207908,0.0,0.0,170432610304,0.268,0.495,0.08401,0.31329,329.777,,,,,,,,False
2021-11-12 00:00:00+05:30,497.83758544921875,500.8645324707031,478.87188720703125,493.62823486328125,60202,0.0,0.0,170432610304,0.268,0.495,0.08401,0.31329,329.777,,,,,,,,False
2021-11-15 00:00:00+05:30,484.736572265625,494.7160339355469,483.6014709472656,492.3512268066406,25196,0.0,0.0,170432610304,0.268,0.495,0.08401,0.31329,329.777,,,,,,,,False
2021-11-16 00:00:00+05:30,494.6214599609375,494.6214599609375,483.93255615234375,488.14190673828125,24521,0.0,0.0,170432610304,0.268,0.495,0.08401,0.31329,329.777,,,,,,,,False
2021-11-17 00:00:00+05:30,490.5539855957031,491.8782958984375,483.88525390625,488.520263671875,26998,0.0,0.0,170432610304,0.268,0.495,0.08401,0.31329,329.777,,,,,,,,False
2021-11-18 00:00:00+05:30,489.93914794921875,507.391357421875,482.6082763671875,498.4524230957031,71897,0.0,0.0,170432610304,0.268,0.495,0.08401,0.31329,329.777,,,,,,,,False
2021-11-22 00:00:00+05:30,503.22930908203125,506.06707763671875,466.0546569824219,483.50689697265625,56219,0.0,0.0,170432610304,0.268,0.495,0.08401,0.31329,329.777,,,,,,,,False
2021-11-23 00:00:00+05:30,484.3109130859375,507.01300048828125,479.7705078125,486.9595031738281,59735,0.0,0.0,170432610304,0.268,0.495,0.08401,0.31329,329.777,,,,,,,,False
2021-11-24 00:00:00+05:30,485.4933166503906,496.6551818847656,479.5813293457031,489.1824035644531,42376,0.0,0.0,170432610304,0.268,0.495,0.08401,0.31329,329.777,,,,,,,,False
2021-11-25 00:00:00+05:30,501.3374938964844,503.22930908203125,491.8782958984375,496.46600341796875,66792,0.0,0.0,170432610304,0.268,0.495,0.08401,0.31329,329.777,,,,,,,,False
2021-11-26 00:00:00+05:30,496.46600341796875,498.59429931640625,479.4394226074219,483.88525390625,29541,0.0,0.0,170432610304,0.268,0.495,0.08401,0.31329,329.777,,,,,,,,False
2021-11-29 00:00:00+05:30,461.5142517089844,486.2027587890625,440.3256530761719,481.7569274902344,39471,0.0,0.0,170432610304,0.268,0.495,0.08401,0.31329,329.777,,,,,,,,False
2021-11-30 00:00:00+05:30,481.3785705566406,489.560791015625,463.59527587890625,473.29095458984375,28461,0.0,0.0,170432610304,0.268,0.495,0.08401,0.31329,329.777,,,,,,,,False
2021-12-01 00:00:00+05:30,472.95989990234375,501.2428894042969,468.4194641113281,497.4591979980469,53561,0.0,0.0,170432610304,0.268,0.495,0.08401,0.31329,329.777,,,,,,,,False
2021-12-02 00:00:00+05:30,499.4456481933594,499.96588134765625,484.02716064453125,484.9730529785156,17749,0.0,0.0,170432610304,0.268,0.495,0.08401,0.31329,329.777,,,,,,,,False
2021-12-03 00:00:00+05:30,484.3109130859375,489.93914794921875,478.39892578125,483.3177185058594,33728,0.0,0.0,170432610304,0.268,0.495,0.08401,0.31329,329.777,,,,,,,,False
2021-12-06 00:00:00+05:30,490.45941162109375,490.45941162109375,482.4190979003906,484.87847900390625,14405,0.0,0.0,170432610304,0.268,0.495,0.08401,0.31329,329.777,,,,,,,,False
2021-12-07 00:00:00+05:30,485.2568359375,487.3378601074219,473.9057922363281,480.81103515625,20685,0.0,0.0,170432610304,0.268,0.495,0.08401,0.31329,329.777,,,,,,,,False
2021-12-08 00:00:00+05:30,477.6894836425781,485.6824951171875,476.7908630371094,478.1624450683594,14395,0.0,0.0,170432610304,0.268,0.495,0.08401,0.31329,329.777,,,,,,0.3766457394495471,,False
2021-12-09 00:00:00+05:30,479.5813293457031,483.7433776855469,473.0544738769531,478.44622802734375,12893,0.0,0.0,170432610304,0.268,0.495,0.08401,0.31329,329.777,,,,,,0.3745125119796518,,False
2021-12-10 00:00:00+05:30,480.290771484375,487.2905578613281,475.7976379394531,479.3448486328125,18338,0.0,0.0,170432610304,0.268,0.495,0.08401,0.31329,329.777,,,,,,0.28284066188421514,,False
2021-12-13 00:00:00+05:30,481.7569274902344,484.3109130859375,478.8245849609375,482.7028503417969,14510,0.0,0.0,170432610304,0.268,0.495,0.08401,0.31329,329.777,,,,,,0.28329713086397035,,False
2021-12-14 00:00:00+05:30,485.1149597167969,491.83099365234375,478.02056884765625,489.41888427734375,16353,0.0,0.0,170432610304,0.268,0.495,0.08401,0.31329,329.777,,,,,,0.2880614338151098,,False
2021-12-15 00:00:00+05:30,491.8782958984375,498.4997253417969,482.98663330078125,488.2837829589844,27339,0.0,0.0,170432610304,0.268,0.495,0.08401,0.31329,329.777,,,,,,0.28649480435050806,,False
2021-12-16 00:00:00+05:30,490.6485900878906,493.62823486328125,476.7435607910156,481.0474853515625,18530,0.0,0.0,170432610304,0.268,0.495,0.08401,0.31329,329.777,,,,,,0.291363135776058,,False
2021-12-17 00:00:00+05:30,474.8517150878906,483.41229248046875,468.4667663574219,471.2572326660156,15077,0.0,0.0,170432610304,0.268,0.495,0.08401,0.31329,329.777,,,,,,0.2883503380476822,,False
2021-12-20 00:00:00+05:30,463.5007019042969,467.28436279296875,427.74493408203125,449.87945556640625,24975,0.0,0.0,170432610304,0.268,0.495,0.08401,0.31329,329.777,,,,,,0.3118957039803526,,False
2021-12-21 00:00:00+05:30,449.3118896484375,464.162841796875,445.1025390625,446.61602783203125,19659,0.0,0.0,170432610304,0.268,0.495,0.08401,0.31329,329.777,,,,,,0.30961136300487047,,False
2021-12-22 00:00:00+05:30,446.8998107910156,524.9854736328125,438.62298583984375,506.9656982421875,721264,0.0,0.0,170432610304,0.268,0.495,0.08401,0.31329,329.777,,,,,,0.58375704907409,,False
2021-12-23 00:00:00+05:30,488.9459228515625,501.3374938964844,483.83795166015625,500.6280517578125,273757,0.0,0.0,170432610304,0.268,0.495,0.08401,0.31329,329.777,,,,,,0.5840772025789975,,False
2021-12-24 00:00:00+05:30,495.6619567871094,509.85076904296875,469.7437438964844,476.3652038574219,100117,0.0,0.0,170432610304,0.268,0.495,0.08401,0.31329,329.777,,,,,,0.6033703484996237,,False
2021-12-27 00:00:00+05:30,474.8517150878906,481.4731750488281,467.0478820800781,474.8990173339844,36743,0.0,0.0,170432610304,0.268,0.495,0.08401,0.31329,329.777,,,,,,0.6032647100474123,,False
2021-12-28 00:00:00+05:30,477.2638244628906,480.4799499511719,468.7978515625,474.5679626464844,41221,0.0,0.0,170432610304,0.268,0.495,0.08401,0.31329,329.777,,,,,,0.5997330161592671,,False
2021-12-29 00:00:00+05:30,482.4190979003906,500.3915710449219,475.08819580078125,494.99981689453125,94141,0.0,0.0,170432610304,0.268,0.495,0.08401,0.31329,329.777,,,,,,0.5914411765480091,,False
2021-12-30 00:00:00+05:30,491.8782958984375,496.3240966796875,484.5001220703125,493.4863586425781,33385,0.0,0.0,170432610304,0.268,0.495,0.08401,0.31329,329.777,,,,,,0.5839761916137094,,False
2021-12-31 00:00:00+05:30,490.03375244140625,496.6078796386719,486.4392395019531,494.6687316894531,31193,0.0,0.0,170432610304,0.268,0.495,0.08401,0.31329,329.777,,,,,,0.5836946996671318,,False
2022-01-03 00:00:00+05:30,496.1822204589844,500.7699279785156,483.4595947265625,485.4460144042969,35389,0.0,0.0,170432610304,0.268,0.495,0.08401,0.31329,329.777,,,,,,0.5881165135144555,,False
2022-01-04 00:00:00+05:30,487.8581237792969,489.93914794921875,479.6286315917969,487.52703857421875,32846,0.0,0.0,170432610304,0.268,0.495,0.08401,0.31329,329.777,,,,,,0.5872458179187324,,False
2022-01-05 00:00:00+05:30,481.5677490234375,488.2364807128906,480.66912841796875,482.4190979003906,19063,0.0,0.0,170432610304,0.268,0.495,0.08401,0.31329,329.777,,,,,,0.5882749051135111,,False
2022-01-06 00:00:00+05:30,482.4190979003906,500.48614501953125,477.9732666015625,495.52008056640625,43310,0.0,0.0,170432610304,0.268,0.495,0.08401,0.31329,329.777,,,,,,0.5955069058625267,,False
2022-01-07 00:00:00+05:30,498.0267639160156,500.3442687988281,483.364990234375,485.1622619628906,30953,0.0,0.0,170432610304,0.268,0.495,0.08401,0.31329,329.777,,,,,,0.6012291992542319,,True
2022-01-10 00:00:00+05:30,480.5272521972656,497.3646240234375,477.4530029296875,492.0201721191406,71607,0.0,0.0,170432610304,0.268,0.495,0.08401,0.31329,329.777,,,,,,0.6026653497105827,,True
2022-01-11 00:00:00+05:30,494.52685546875,497.4591979980469,484.405517578125,491.1688537597656,18507,0.0,0.0,170432610304,0.268,0.495,0.08401,0.31329,329.777,,,,,,0.6009843773715368,,True
2022-01-12 00:00:00+05:30,493.62823486328125,495.6619567871094,484.405517578125,487.5743408203125,17915,0.0,0.0,170432610304,0.268,0.495,0.08401,0.31329,329.777,,,,,,0.6015928866270164,,True
2022-01-13 00:00:00+05:30,482.4190979003906,492.0674743652344,482.2298889160156,486.5811462402344,16273,0.0,0.0,170432610304,0.268,0.495,0.08401,0.31329,329.777,,,,,,0.598959789928557,,True
2022-01-14 00:00:00+05:30,489.04052734375,499.3983459472656,483.41229248046875,494.6214599609375,20586,0.0,0.0,170432610304,0.268,0.495,0.08401,0.31329,329.777,,,,,,0.5956437471867365,,True
2022-01-17 00:00:00+05:30,498.4997253417969,510.5129089355469,487.4324645996094,506.6346435546875,122272,0.0,0.0,170432610304,0.268,0.495,0.08401,0.31329,329.777,,,,,,0.5713628619542201,,True
2022-01-18 00:00:00+05:30,509.85076904296875,520.255859375,493.7701110839844,511.4588317871094,75290,0.0,0.0,170432610304,0.268,0.495,0.08401,0.31329,329.777,,,,59462.38,1.2661787166944882,0.5690897000996998,,True
2022-01-19 00:00:00+05:30,504.17523193359375,519.0261840820312,501.3374938964844,510.8439636230469,16831,0.0,0.0,170432610304,0.268,0.495,0.08401,0.31329,329.777,,,,58824.24,0.286123543627593,0.30994761058115305,,False
2022-01-20 00:00:00+05:30,513.4452514648438,517.7965087890625,496.9862365722656,513.5398559570312,14820,0.0,0.0,170432610304,0.268,0.495,0.08401,0.31329,329.777,,,,58579.94,0.2529876268224242,0.30641350725176986,,False
2022-01-21 00:00:00+05:30,510.79669189453125,516.47216796875,499.4456481933594,509.1413269042969,20292,0.0,0.0,170432610304,0.268,0.495,0.08401,0.31329,329.777,,,,54827.62,0.3701054322620606,0.24721896418339137,,False
2022-01-24 00:00:00+05:30,509.3778076171875,517.0870361328125,496.6551818847656,505.4049377441406,18367,0.0,0.0,170432610304,0.268,0.495,0.08401,0.31329,329.777,,,,53990.92,0.3401868314153565,0.24916530958259978,,False
2022-01-25 00:00:00+05:30,498.4997253417969,524.03955078125,496.749755859375,512.0263671875,13211,0.0,0.0,170432610304,0.268,0.495,0.08401,0.31329,329.777,,,,53751.22,0.2457804678665898,0.25108496067620384,,False
2022-01-27 00:00:00+05:30,505.0738525390625,514.5803833007812,501.3374938964844,508.9994201660156,13870,0.0,0.0,170432610304,0.268,0.495,0.08401,0.31329,329.777,,,,53538.2,0.2590673575129534,0.20598155171663354,,False
2022-01-28 00:00:00+05:30,511.55340576171875,522.147705078125,503.6076965332031,505.4049377441406,44463,0.0,0.0,170432610304,0.268,0.495,0.08401,0.31329,329.777,,,,53887.5,0.8251078636047321,0.20763404855739806,,False
2022-01-31 00:00:00+05:30,507.95892333984375,515.5263061523438,502.5671691894531,511.506103515625,10517,0.0,0.0,170432610304,0.268,0.495,0.08401,0.31329,329.777,,,,52659.9,0.19971553307165413,0.21113806418682943,,False
2022-02-01 00:00:00+05:30,513.9655151367188,553.363037109375,508.1007995605469,538.1337280273438,94656,0.0,0.0,170432610304,0.268,0.495,0.08401,0.31329,329.777,,,,53428.64,1.771634089881382,0.263245715602792,,True
2022-02-02 00:00:00+05:30,558.0926513671875,595.4564819335938,554.403564453125,565.9437866210938,1055419,0.0,0.0,170432610304,0.268,0.495,0.08401,0.31329,329.777,,,,73342.32,14.390313805180964,0.31037387465099503,,True
2022-02-03 00:00:00+05:30,566.9843139648438,572.1868896484375,539.2215576171875,549.1537475585938,115025,0.0,0.0,170432610304,0.268,0.495,0.08401,0.31329,329.777,,,,74795.3,1.537864010171762,0.3319734003798115,,True
2022-02-04 00:00:00+05:30,546.7416381835938,553.2684936523438,534.4446411132812,543.5255126953125,80073,0.0,0.0,170432610304,0.268,0.495,0.08401,0.31329,329.777,,,,75060.92,1.0667734954487635,0.3279358597482156,,True
2022-02-07 00:00:00+05:30,566.60595703125,585.5243530273438,548.7753295898438,558.187255859375,365052,0.0,0.0,170432610304,0.268,0.495,0.08401,0.31329,329.777,,,,81771.14,4.464313448485615,0.3220854072937015,,True
2022-02-08 00:00:00+05:30,557.998046875,562.2546997070312,544.0457763671875,547.876708984375,41560,0.0,0.0,170432610304,0.268,0.495,0.08401,0.31329,329.777,,,,81812.92,0.5079882248427265,0.33340743795280164,,True
2022-02-09 00:00:00+05:30,548.5388793945312,561.4033813476562,544.99169921875,548.06591796875,44467,0.0,0.0,170432610304,0.268,0.495,0.08401,0.31329,329.777,,,,82133.04,0.5414020959165764,0.33288341888013556,,True
2022-02-10 00:00:00+05:30,550.80908203125,554.8765258789062,543.9038696289062,545.7011108398438,26984,0.0,0.0,170432610304,0.268,0.495,0.08401,0.31329,329.777,,,,81601.5,0.3306801958297335,0.3314932624717618,,True
2022-02-11 00:00:00+05:30,545.7011108398438,552.1333618164062,540.2620849609375,543.3363037109375,40815,0.0,0.0,170432610304,0.268,0.495,0.08401,0.31329,329.777,,,,82062.82,0.49736287395436807,0.3323172603339684,,True
2022-02-14 00:00:00+05:30,513.06689453125,594.3214111328125,513.06689453125,549.0118408203125,1230062,0.0,0.0,170432610304,0.268,0.495,0.08401,0.31329,329.777,,,,105989.5,11.605508092782776,0.3303950538326504,,True
2022-02-15 00:00:00+05:30,557.146728515625,566.60595703125,543.9038696289062,544.8497924804688,134323,0.0,0.0,170432610304,0.268,0.495,0.08401,0.31329,329.777,,,,108387.86,1.239280856730634,0.3256042230240173,,True
2022-02-16 00:00:00+05:30,558.0926513671875,566.60595703125,558.0926513671875,564.9505615234375,76186,0.0,0.0,170432610304,0.268,0.495,0.08401,0.31329,329.777,,,,109497.88,0.6957760278098535,0.34580819632741333,,True
2022-02-17 00:00:00+05:30,564.52490234375,566.4640502929688,558.0926513671875,558.6602172851562,234591,0.0,0.0,170432610304,0.268,0.495,0.08401,0.31329,329.777,,,,113901.8,2.0595899274638327,0.3500213745563479,,True
2022-02-18 00:00:00+05:30,558.187255859375,564.714111328125,558.187255859375,559.2750854492188,189004,0.0,0.0,170432610304,0.268,0.495,0.08401,0.31329,329.777,,,,117424.02,1.6095855004793738,0.35024563363935796,,True
2022-02-21 00:00:00+05:30,567.0789184570312,567.5518798828125,553.363037109375,557.9035034179688,497403,0.0,0.0,170432610304,0.268,0.495,0.08401,0.31329,329.777,,,,127005.32,3.9163949982567656,0.3478850525841665,,True
2022-02-22 00:00:00+05:30,558.3291625976562,567.5518798828125,556.2008056640625,561.5925903320312,301389,0.0,0.0,170432610304,0.268,0.495,0.08401,0.31329,329.777,,,,132742.9,2.2704717163780512,0.34493682894543914,,True
2022-02-23 00:00:00+05:30,566.5113525390625,566.5113525390625,553.9779052734375,558.0926513671875,213579,0.0,0.0,170432610304,0.268,0.495,0.08401,0.31329,329.777,,,,136687.42,1.5625358939396177,0.3461147969747594,,True
2022-02-24 00:00:00+05:30,558.0926513671875,565.6600341796875,540.16748046875,550.0523681640625,275750,0.0,0.0,170432610304,0.268,0.495,0.08401,0.31329,329.777,,,,141655.64,1.9466221041393055,0.35079851616347385,,True
2022-02-25 00:00:00+05:30,567.457275390625,567.457275390625,554.403564453125,559.4169311523438,235204,0.0,0.0,170432610304,0.268,0.495,0.08401,0.31329,329.777,,,,145989.12,1.6111063618987498,0.351040294804923,,True
2022-02-28 00:00:00+05:30,565.5654296875,576.9164428710938,558.0926513671875,560.7885131835938,249768,0.0,0.0,170432610304,0.268,0.495,0.08401,0.31329,329.777,,,,150682.94,1.6575731798171711,0.35024549372822644,,True
2022-03-02 00:00:00+05:30,560.7885131835938,589.1661376953125,558.8021240234375,565.4235229492188,568594,0.0,0.0,170432610304,0.268,0.495,0.08401,0.31329,329.777,,,,161555.32,3.5195003172906962,0.3032861553990989,,True
2022-03-03 00:00:00+05:30,571.1463623046875,571.3355712890625,563.7681884765625,567.0316162109375,225611,0.0,0.0,170432610304,0.268,0.495,0.08401,0.31329,329.777,,,,165674.36,1.3617737832214956,0.2419008720601805,,False
2022-03-04 00:00:00+05:30,568.2612915039062,571.3355712890625,558.187255859375,570.3423461914062,230318,0.0,0.0,170432610304,0.268,0.495,0.08401,0.31329,329.777,,,,155855.44,1.4777668331628335,0.2150925416290715,,False
2022-03-07 00:00:00+05:30,567.5518798828125,567.5518798828125,548.6334838867188,551.8023071289062,234492,0.0,0.0,170432610304,0.268,0.495,0.08401,0.31329,329.777,,,,155070.14,1.51216733279534,0.24439286050218711,,False
2022-03-08 00:00:00+05:30,552.4644165039062,567.5518798828125,548.6334838867188,565.2816772460938,188098,0.0,0.0,170432610304,0.268,0.495,0.08401,0.31329,329.777,,,,156829.76,1.1993769549860944,0.24092637310705858,,False
2022-03-09 00:00:00+05:30,565.2816772460938,569.4437255859375,560.0791015625,563.4371337890625,44940,0.0,0.0,170432610304,0.268,0.495,0.08401,0.31329,329.777,,,,156993.7,0.28625352482297056,0.2306711305880309,,False
2022-03-10 00:00:00+05:30,566.9843139648438,568.497802734375,548.7753295898438,558.518310546875,487927,0.0,0.0,170432610304,0.268,0.495,0.08401,0.31329,329.777,,,,165927.82,2.9405979057640845,0.23350630306775452,,False
2022-03-11 00:00:00+05:30,577.1056518554688,586.4702758789062,570.01123046875,577.5313110351562,429405,0.0,0.0,170432610304,0.268,0.495,0.08401,0.31329,329.777,,,,172633.1,2.4873850959057098,0.2600132047370597,,False
2022-03-14 00:00:00+05:30,583.0176391601562,586.4702758789062,579.2339477539062,583.0176391601562,666116,0.0,0.0,170432610304,0.268,0.495,0.08401,0.31329,329.777,,,,185287.72,3.5950358717782267,0.25949897200865796,,False
2022-03-15 00:00:00+05:30,587.4161987304688,591.1998291015625,569.01806640625,578.3826293945312,338039,0.0,0.0,170432610304,0.268,0.495,0.08401,0.31329,329.777,,,,191424.64,1.765911640215178,0.26132520761740163,,False
2022-03-16 00:00:00+05:30,587.2269897460938,632.6311645507812,580.7947387695312,587.699951171875,315291,0.0,0.0,170432610304,0.268,0.495,0.08401,0.31329,329.777,,,,197022.68,1.600277693918284,0.2624467129927432,,True
2022-03-17 00:00:00+05:30,591.0579833984375,591.0579833984375,581.7406616210938,583.916259765625,202348,0.0,0.0,170432610304,0.268,0.495,0.08401,0.31329,329.777,,,,200412.72,1.0096564729025184,0.23374930475593353,,True
2022-03-21 00:00:00+05:30,586.8486328125,609.5980224609375,585.7135009765625,594.888916015625,482021,0.0,0.0,170432610304,0.268,0.495,0.08401,0.31329,329.777,,,,209671.88,2.298930118812308,0.23598897843546168,,True
2022-03-22 00:00:00+05:30,588.3621215820312,590.2539672851562,581.7406616210938,584.3419189453125,262028,0.0,0.0,170432610304,0.268,0.495,0.08401,0.31329,329.777,,,,214046.24,1.2241653952902887,0.24745232861737484,,True
2022-03-23 00:00:00+05:30,584.7203369140625,590.4904174804688,578.9974975585938,586.0446166992188,339751,0.0,0.0,170432610304,0.268,0.495,0.08401,0.31329,329.777,,,,220222.2,1.542764535092284,0.24681488643687852,,True
2022-03-24 00:00:00+05:30,588.1729125976562,589.9228515625,581.7406616210938,582.8757934570312,228026,0.0,0.0,170432610304,0.268,0.495,0.08401,0.31329,329.777,,,,223350.58,1.0209330998827046,0.24789447288617858,,True
2022-03-25 00:00:00+05:30,587.2269897460938,590.6796264648438,582.6865844726562,583.6325073242188,285514,0.0,0.0,170432610304,0.268,0.495,0.08401,0.31329,329.777,,,,228690.72,1.2484721723732384,0.2460209617238092,,True
2022-03-28 00:00:00+05:30,586.4702758789062,588.3621215820312,584.0581665039062,586.2337646484375,50853,0.0,0.0,170432610304,0.268,0.495,0.08401,0.31329,329.777,,,,229349.48,0.22172712142185802,0.2379562938738992,,True
2022-03-29 00:00:00+05:30,585.5243530273438,590.9160766601562,582.9230346679688,584.1527709960938,43163,0.0,0.0,170432610304,0.268,0.495,0.08401,0.31329,329.777,,,,229887.28,0.1877572347630543,0.2333767547444298,,True
2022-03-30 00:00:00+05:30,584.5784301757812,595.4091796875,579.4231567382812,583.6798095703125,78574,0.0,0.0,170432610304,0.268,0.495,0.08401,0.31329,329.777,,,,231047.04,0.34007793391337104,0.2336297400552115,,True
2022-03-31 00:00:00+05:30,585.8554077148438,594.3687133789062,581.7406616210938,581.9298706054688,41427,0.0,0.0,170432610304,0.268,0.495,0.08401,0.31329,329.777,,,,229430.14,0.180564767994301,0.2331112698669846,,True
2022-04-01 00:00:00+05:30,582.6865844726562,590.1593627929688,581.0784912109375,581.693359375,52021,0.0,0.0,170432610304,0.268,0.495,0.08401,0.31329,329.777,,,,228964.76,0.2272009020078024,0.233156006121593,,True
2022-04-04 00:00:00+05:30,580.7947387695312,590.112060546875,579.99072265625,582.5919799804688,91198,0.0,0.0,170432610304,0.268,0.495,0.08401,0.31329,329.777,,,,230452.1,0.3957351657893332,0.23256423666969137,,True
2022-04-05 00:00:00+05:30,580.2271728515625,587.4161987304688,580.2271728515625,580.8893432617188,39544,0.0,0.0,170432610304,0.268,0.495,0.08401,0.31329,329.777,,,,230946.58,0.17122574406600868,0.19669720085713005,,True
2022-04-06 00:00:00+05:30,583.6325073242188,586.4229736328125,578.9974975585938,582.9230346679688,42811,0.0,0.0,170432610304,0.268,0.495,0.08401,0.31329,329.777,,,,231396.96,0.18501107361133873,0.17920722996053395,,True
2022-04-07 00:00:00+05:30,585.8554077148438,590.2539672851562,581.6460571289062,590.0174560546875,41399,0.0,0.0,170432610304,0.268,0.495,0.08401,0.31329,329.777,,,,231857.6,0.17855356046124862,0.1820069095673455,,True
2022-04-08 00:00:00+05:30,591.29443359375,605.2940673828125,583.39599609375,589.1188354492188,45578,0.0,0.0,170432610304,0.268,0.495,0.08401,0.31329,329.777,,,,232504.94,0.19603024348643946,0.17792990331947034,,True
2022-04-11 00:00:00+05:30,589.0242309570312,665.7383422851562,584.0108642578125,628.6582641601562,111522,0.0,0.0,170432610304,0.268,0.495,0.08401,0.31329,329.777,,,,234457.98,0.4756587939553177,0.2700255955466105,,True
2022-04-12 00:00:00+05:30,633.7662353515625,638.68505859375,602.7400512695312,607.8007202148438,106642,0.0,0.0,170432610304,0.268,0.495,0.08401,0.31329,329.777,,,,235701.56,0.4524450326081847,0.3001184756944555,,True
2022-04-13 00:00:00+05:30,610.685791015625,625.2529907226562,589.6390991210938,594.3687133789062,64213,0.0,0.0,170432610304,0.268,0.495,0.08401,0.31329,329.777,,,,236775.48,0.27119784531742896,0.31051868592662674,,True
2022-04-18 00:00:00+05:30,607.09130859375,711.3316650390625,601.0374145507812,697.0955810546875,1816599,0.0,0.0,170432610304,0.268,0.495,0.08401,0.31329,329.777,,,,271214.34,6.698019728602845,0.682986101009162,,True
2022-04-19 00:00:00+05:30,695.2510375976562,756.73583984375,662.1438598632812,688.251220703125,2164429,0.0,0.0,170432610304,0.268,0.495,0.08401,0.31329,329.777,,,,293394.54,7.377195908281047,0.6852619899849337,,True
2022-04-20 00:00:00+05:30,694.5415649414062,761.4653930664062,688.251220703125,748.317138671875,1335084,0.0,0.0,170432610304,0.268,0.495,0.08401,0.31329,329.777,,,,317795.72,4.201076087494193,0.7391496751434419,,True
2022-04-21 00:00:00+05:30,733.0878295898438,747.0874633789062,703.6224365234375,712.608642578125,844401,0.0,0.0,170432610304,0.268,0.495,0.08401,0.31329,329.777,,,,333082.28,2.5351123452139213,0.7627013394559813,,True
2022-04-22 00:00:00+05:30,706.60205078125,729.6351928710938,685.7918090820312,692.8389282226562,334263,0.0,0.0,170432610304,0.268,0.495,0.08401,0.31329,329.777,,,,332466.5,1.0054035519368116,0.7746761119405409,,True
2022-04-25 00:00:00+05:30,699.0347290039062,718.8990478515625,673.8732299804688,685.4134521484375,901982,0.0,0.0,170432610304,0.268,0.495,0.08401,0.31329,329.777,,,,349674.94,2.5794871087988174,0.7762553002528533,,True
2022-04-26 00:00:00+05:30,708.493896484375,723.6286010742188,678.0825805664062,717.5747680664062,419563,0.0,0.0,170432610304,0.268,0.495,0.08401,0.31329,329.777,,,,357176.86,1.1746645625363301,0.786922257494384,,True
2022-04-27 00:00:00+05:30,701.8724975585938,721.216552734375,697.190185546875,706.5547485351562,114077,0.0,0.0,170432610304,0.268,0.495,0.08401,0.31329,329.777,,,,358918.72,0.31783519120986503,0.7923895894460108,,True
2022-04-28 00:00:00+05:30,708.493896484375,718.3787841796875,691.7984008789062,697.521240234375,72933,0.0,0.0,170432610304,0.268,0.495,0.08401,0.31329,329.777,,,,359561.08,0.2028389724494097,0.7952318434096708,,True
2022-04-29 00:00:00+05:30,702.6292114257812,702.6292114257812,663.1370849609375,669.7584838867188,68115,0.0,0.0,170432610304,0.268,0.495,0.08401,0.31329,329.777,,,,336322.14,0.20252903956902749,0.8140964264308742,,True
2022-05-02 00:00:00+05:30,662.1438598632812,732.1419067382812,653.2048950195312,715.1153564453125,264437,0.0,0.0,170432610304,0.268,0.495,0.08401,0.31329,329.777,,,,338924.42,0.7802240983402731,0.8396447312338225,,True
2022-05-04 00:00:00+05:30,708.3047485351562,712.7978515625,685.7918090820312,698.4198608398438,95538,0.0,0.0,170432610304,0.268,0.495,0.08401,0.31329,329.777,,,,339311.46,0.2815643185172702,0.8479059554255067,,True
2022-05-05 00:00:00+05:30,706.5547485351562,719.7976684570312,693.9740600585938,700.2171020507812,39218,0.0,0.0,170432610304,0.268,0.495,0.08401,0.31329,329.777,,,,335404.0,0.11692764546636296,0.8477703790223237,,True
2022-05-06 00:00:00+05:30,695.2510375976562,695.2510375976562,675.0083618164062,680.7311401367188,46219,0.0,0.0,170432610304,0.268,0.495,0.08401,0.31329,329.777,,,,332548.3,0.1389843219766873,0.857558087004559,,True
2022-05-09 00:00:00+05:30,679.17041015625,681.8662719726562,643.5565185546875,650.5563354492188,52559,0.0,0.0,170432610304,0.268,0.495,0.08401,0.31329,329.777,,,,323651.42,0.16239384953107885,0.8783752465285287,,True
2022-05-10 00:00:00+05:30,638.495849609375,690.6160278320312,615.32080078125,625.7259521484375,172068,0.0,0.0,170432610304,0.268,0.495,0.08401,0.31329,329.777,,,,321065.0,0.5359288617569651,0.892412310145202,,True
2022-05-11 00:00:00+05:30,614.8478393554688,629.8880004882812,591.1998291015625,617.543701171875,140915,0.0,0.0,170432610304,0.268,0.495,0.08401,0.31329,329.777,,,,319611.72,0.44089434517607806,0.8943623002938415,,True
2022-05-12 00:00:00+05:30,600.6590576171875,632.8203125,599.8550415039062,603.1184692382812,72042,0.0,0.0,170432610304,0.268,0.495,0.08401,0.31329,329.777,,,,315537.56,0.22831513307005352,0.8666140957677655,,True
2022-05-13 00:00:00+05:30,609.0304565429688,630.928466796875,591.3890380859375,602.26708984375,49689,0.0,0.0,170432610304,0.268,0.495,0.08401,0.31329,329.777,,,,311827.26,0.15934783892851445,0.8581398558562009,,True
2022-05-16 00:00:00+05:30,574.1732788085938,638.4012451171875,510.4656066894531,596.78076171875,454003,0.0,0.0,170432610304,0.268,0.495,0.08401,0.31329,329.777,,,,315911.96,1.4371187466280162,0.854765539197874,,True
2022-05-17 00:00:00+05:30,599.713134765625,603.0238647460938,587.88916015625,592.3822631835938,63791,0.0,0.0,170432610304,0.268,0.495,0.08401,0.31329,329.777,,,,305815.9,0.2085928167894475,0.5663594552713486,,True
2022-05-18 00:00:00+05:30,595.929443359375,605.3413696289062,591.1998291015625,591.7200927734375,24047,0.0,0.0,170432610304,0.268,0.495,0.08401,0.31329,329.777,,,,301784.62,0.07968265579604421,0.5664472330169917,,True
2022-05-19 00:00:00+05:30,581.7406616210938,591.1052856445312,581.7406616210938,583.4432983398438,22072,0.0,0.0,170432610304,0.268,0.495,0.08401,0.31329,329.777,,,,297619.7,0.0741617574374277,0.44384998754259636,,False
2022-05-20 00:00:00+05:30,589.2607421875,614.8478393554688,589.2607421875,599.382080078125,118884,0.0,0.0,170432610304,0.268,0.495,0.08401,0.31329,329.777,,,,295307.54,0.4025769203183908,0.44368077075693896,,False
2022-05-23 00:00:00+05:30,578.2880249023438,642.279541015625,578.2880249023438,619.5774536132812,196185,0.0,0.0,170432610304,0.268,0.495,0.08401,0.31329,329.777,,,,295469.28,0.6639776561543047,0.4611303502636185,,False
2022-05-24 00:00:00+05:30,623.4557495117188,633.6243896484375,581.7879638671875,592.3822631835938,51805,0.0,0.0,170432610304,0.268,0.495,0.08401,0.31329,329.777,,,,295606.58,0.17524982021712776,0.48102498546045874,,False
2022-05-25 00:00:00+05:30,590.1593627929688,605.388671875,577.8150634765625,600.8009643554688,49809,0.0,0.0,170432610304,0.268,0.495,0.08401,0.31329,329.777,,,,286844.22,0.17364477485375165,0.4452204245703779,,False
2022-05-26 00:00:00+05:30,601.60498046875,617.0234375,587.4635009765625,602.5509033203125,20410,0.0,0.0,170432610304,0.268,0.495,0.08401,0.31329,329.777,,,,278664.32,0.07324224357104633,0.44619469621332125,,False
2022-05-27 00:00:00+05:30,605.5778198242188,624.3070678710938,597.5375366210938,603.0238647460938,13107,0.0,0.0,170432610304,0.268,0.495,0.08401,0.31329,329.777,,,,265604.14,0.04934787537573774,0.4466858021906485,,False
2022-05-30 00:00:00+05:30,606.05078125,615.8883666992188,597.0172729492188,609.8817749023438,24616,0.0,0.0,170432610304,0.268,0.495,0.08401,0.31329,329.777,,,,259335.68,0.09491944957207585,0.43339768047898897,,False
2022-05-31 00:00:00+05:30,610.9696044921875,642.279541015625,603.8751831054688,635.1378173828125,48192,0.0,0.0,170432610304,0.268,0.495,0.08401,0.31329,329.777,,,,253993.7,0.18973698953950432,0.3824621363114006,,False
2022-06-01 00:00:00+05:30,638.495849609375,650.7927856445312,620.7125854492188,627.0029296875,42956,0.0,0.0,170432610304,0.268,0.495,0.08401,0.31329,329.777,,,,250805.86,0.17127191525748242,0.3777904825615136,,False
2022-06-02 00:00:00+05:30,629.03662109375,667.2991333007812,616.7396850585938,652.5900268554688,143262,0.0,0.0,170432610304,0.268,0.495,0.08401,0.31329,329.777,,,,244030.68,0.5870655279901691,0.41102028560423687,,False
2022-06-03 00:00:00+05:30,665.927490234375,675.906982421875,647.9550170898438,664.6032104492188,123167,0.0,0.0,170432610304,0.268,0.495,0.08401,0.31329,329.777,,,,241253.46,0.510529465567043,0.4070189893605916,,False
2022-06-06 00:00:00+05:30,664.0357055664062,675.3394165039062,663.0897827148438,664.0829467773438,191737,0.0,0.0,170432610304,0.268,0.495,0.08401,0.31329,329.777,,,,238293.18,0.8046264689572736,0.3733325007218359,,False
2022-06-07 00:00:00+05:30,663.562744140625,671.60302734375,663.4681396484375,665.6910400390625,165787,0.0,0.0,170432610304,0.268,0.495,0.08401,0.31329,329.777,,,,237048.4,0.699380379703048,0.3430011129595331,,False
2022-06-08 00:00:00+05:30,679.17041015625,681.062255859375,663.0897827148438,664.0357055664062,177078,0.0,0.0,170432610304,0.268,0.495,0.08401,0.31329,329.777,,,,234879.68,0.7539094058711252,0.33831421235748876,,False
2022-06-09 00:00:00+05:30,667.3936767578125,676.3326416015625,664.9816284179688,669.2382202148438,342659,0.0,0.0,170432610304,0.268,0.495,0.08401,0.31329,329.777,,,,240715.8,1.4235002438560327,0.32280327932234887,,False
2022-06-10 00:00:00+05:30,671.27197265625,676.3326416015625,664.0357055664062,667.6301879882812,281106,0.0,0.0,170432610304,0.268,0.495,0.08401,0.31329,329.777,,,,245474.66,1.1451528235134332,0.3231001407377262,,False
2022-06-13 00:00:00+05:30,667.6301879882812,671.60302734375,653.6305541992188,656.9412841796875,192136,0.0,0.0,170432610304,0.268,0.495,0.08401,0.31329,329.777,,,,247745.9,0.7755365477289433,0.3280892525157174,,False
2022-06-14 00:00:00+05:30,661.1979370117188,661.1979370117188,652.7792358398438,654.5291748046875,221661,0.0,0.0,170432610304,0.268,0.495,0.08401,0.31329,329.777,,,,251350.58,0.8818798031021055,0.3264960710808854,,False
2022-06-15 00:00:00+05:30,658.3601684570312,666.6842651367188,654.9075317382812,657.177734375,109331,0.0,0.0,170432610304,0.268,0.495,0.08401,0.31329,329.777,,,,252496.78,0.4329995812223823,0.3256840938257888,,False
2022-06-16 00:00:00+05:30,659.5425415039062,666.8734130859375,657.4142456054688,664.1302490234375,159875,0.0,0.0,170432610304,0.268,0.495,0.08401,0.31329,329.777,,,,253870.32,0.6297506537983645,0.3178077734426391,,False
2022-06-17 00:00:00+05:30,664.0357055664062,671.60302734375,658.407470703125,663.8464965820312,231509,0.0,0.0,170432610304,0.268,0.495,0.08401,0.31329,329.777,,,,257709.62,0.8983327824549197,0.30905875285632894,,False
2022-06-20 00:00:00+05:30,666.7788696289062,669.049072265625,660.2520141601562,661.812744140625,114032,0.0,0.0,170432610304,0.268,0.495,0.08401,0.31329,329.777,,,,259134.04,0.44005025352902305,0.2913013591729119,,False
2022-06-21 00:00:00+05:30,667.8193359375,669.6165771484375,657.9345092773438,662.191162109375,141803,0.0,0.0,170432610304,0.268,0.495,0.08401,0.31329,329.777,,,,261142.12,0.543010832568871,0.23219180366075812,,False
2022-06-22 00:00:00+05:30,665.5491333007812,666.8734130859375,657.4142456054688,658.5020751953125,127729,0.0,0.0,170432610304,0.268,0.495,0.08401,0.31329,329.777,,,,262785.14,0.48605868657565643,0.23317362634662123,,False
2022-06-23 00:00:00+05:30,652.6846313476562,671.60302734375,648.6171875,663.5154418945312,103688,0.0,0.0,170432610304,0.268,0.495,0.08401,0.31329,329.777,,,,262628.46,0.3948086966660049,0.23329366107022576,,False
2022-06-24 00:00:00+05:30,668.7652587890625,670.6098022460938,662.1438598632812,662.9951782226562,116726,0.0,0.0,170432610304,0.268,0.495,0.08401,0.31329,329.777,,,,262830.14,0.4441119271937381,0.2337296142513402,,False
2022-06-27 00:00:00+05:30,672.5489501953125,680.6365966796875,667.6301879882812,668.9071655273438,178608,0.0,0.0,170432610304,0.268,0.495,0.08401,0.31329,329.777,,,,265118.04,0.6736923673696441,0.23298252586359688,,False
2022-06-28 00:00:00+05:30,674.8191528320312,676.238037109375,666.8734130859375,668.2449951171875,134247,0.0,0.0,170432610304,0.268,0.495,0.08401,0.31329,329.777,,,,231471.0,0.5799733011910779,0.1888832622677831,,False
2022-06-29 00:00:00+05:30,668.7652587890625,676.2853393554688,647.9550170898438,652.2589721679688,65214,0.0,0.0,170432610304,0.268,0.495,0.08401,0.31329,329.777,,,,189486.7,0.3441613580267111,0.2043990699926306,,False
2022-06-30 00:00:00+05:30,652.6846313476562,656.4683227539062,648.427978515625,650.2252807617188,16953,0.0,0.0,170432610304,0.268,0.495,0.08401,0.31329,329.777,,,,163124.08,0.10392702291409092,0.14468763961015213,,False
2022-07-01 00:00:00+05:30,648.4752807617188,651.880615234375,644.2186889648438,647.8604736328125,17839,0.0,0.0,170432610304,0.268,0.495,0.08401,0.31329,329.777,,,,146592.84,0.12169080017823518,0.12731916997948642,,False
2022-07-04 00:00:00+05:30,651.1239013671875,661.150634765625,647.9550170898438,655.4277954101562,16469,0.0,0.0,170432610304,0.268,0.495,0.08401,0.31329,329.777,,,,140236.96,0.11743694386986142,0.1353510139644901,,False
2022-07-05 00:00:00+05:30,658.3601684570312,707.6898803710938,651.2657470703125,663.4208374023438,130427,0.0,0.0,170432610304,0.268,0.495,0.08401,0.31329,329.777,,,,124805.86,1.045039071082079,0.14252120444953895,,True
2022-07-06 00:00:00+05:30,666.4004516601562,668.2449951171875,644.17138671875,649.7050170898438,18462,0.0,0.0,170432610304,0.268,0.495,0.08401,0.31329,329.777,,,,116783.84,0.15808694079591834,0.16005048611930525,,True
2022-07-07 00:00:00+05:30,652.6846313476562,657.4142456054688,644.4078369140625,648.9482421875,10507,0.0,0.0,170432610304,0.268,0.495,0.08401,0.31329,329.777,,,,114712.44,0.09159425080662568,0.15658110471130088,,True
2022-07-08 00:00:00+05:30,651.6441040039062,655.0494384765625,644.17138671875,645.7794189453125,22958,0.0,0.0,170432610304,0.268,0.495,0.08401,0.31329,329.777,,,,113712.94,0.20189434905121614,0.15701941078467319,,True
2022-07-11 00:00:00+05:30,644.17138671875,661.1979370117188,638.5904541015625,658.1236572265625,15559,0.0,0.0,170432610304,0.268,0.495,0.08401,0.31329,329.777,,,,112661.82,0.13810357404132118,0.16367302724925967,,True
2022-07-12 00:00:00+05:30,651.5968627929688,678.2244873046875,651.5968627929688,666.11669921875,57717,0.0,0.0,170432610304,0.268,0.495,0.08401,0.31329,329.777,,,,108527.42,0.531819516210742,0.16834949059835452,,True
2022-07-13 00:00:00+05:30,669.4747314453125,696.5753173828125,660.6776733398438,669.2855224609375,100242,0.0,0.0,170432610304,0.268,0.495,0.08401,0.31329,329.777,,,,108621.5,0.9228559723443333,0.16854268326261312,,True
2022-07-14 00:00:00+05:30,669.711181640625,671.5084228515625,651.9752197265625,656.1845703125,12966,0.0,0.0,170432610304,0.268,0.495,0.08401,0.31329,329.777,,,,108096.46,0.11994842384292695,0.17937280551122553,,True
2022-07-15 00:00:00+05:30,657.4142456054688,687.2579956054688,657.4142456054688,673.3056640625,63441,0.0,0.0,170432610304,0.268,0.495,0.08401,0.31329,329.777,,,,108440.9,0.5850283426271822,0.20276972229663354,,True
2022-07-18 00:00:00+05:30,676.7109985351562,694.3051147460938,669.711181640625,680.5892944335938,160513,0.0,0.0,170432610304,0.268,0.495,0.08401,0.31329,329.777,,,,110599.98,1.4512932099987723,0.20524680066566736,,True
2022-07-19 00:00:00+05:30,680.5892944335938,688.6295776367188,669.0017700195312,672.5016479492188,35383,0.0,0.0,170432610304,0.268,0.495,0.08401,0.31329,329.777,,,,107866.28,0.3280265157934435,0.21066729200701503,,True
2022-07-20 00:00:00+05:30,671.792236328125,681.062255859375,655.8534545898438,661.8600463867188,50599,0.0,0.0,170432610304,0.268,0.495,0.08401,0.31329,329.777,,,,106059.96,0.4770791918081055,0.21783790274424988,,True
2022-07-21 00:00:00+05:30,666.6842651367188,683.805419921875,658.3601684570312,680.9203491210938,35394,0.0,0.0,170432610304,0.268,0.495,0.08401,0.31329,329.777,,,,105327.0,0.3360391922299126,0.23915108734258958,,True
2022-07-22 00:00:00+05:30,683.805419921875,689.6701049804688,672.9273071289062,678.5555419921875,37429,0.0,0.0,170432610304,0.268,0.495,0.08401,0.31329,329.777,,,,105081.8,0.35618917833535396,0.2396671565373848,,True
2022-07-25 00:00:00+05:30,671.792236328125,687.5418090820312,667.8666381835938,676.9002075195312,24217,0.0,0.0,170432610304,0.268,0.495,0.08401,0.31329,329.777,,,,96486.08,0.25098957279640755,0.23824636088433035,,True
2022-07-26 00:00:00+05:30,680.1163330078125,685.7918090820312,667.3463745117188,673.8732299804688,44931,0.0,0.0,170432610304,0.268,0.495,0.08401,0.31329,329.777,,,,96108.88,0.46750102591976933,0.2388938065986239,,True
2022-07-27 00:00:00+05:30,683.805419921875,683.805419921875,669.0017700195312,675.1502075195312,33768,0.0,0.0,170432610304,0.268,0.495,0.08401,0.31329,329.777,,,,96303.3,0.3506421898315011,0.22073705448602146,,True
2022-07-28 00:00:00+05:30,678.5555419921875,679.9271240234375,656.0899658203125,661.9073486328125,28543,0.0,0.0,170432610304,0.268,0.495,0.08401,0.31329,329.777,,,,96432.72,0.2959887473878161,0.2330528851805404,,True
2022-07-29 00:00:00+05:30,661.9073486328125,679.83251953125,634.712158203125,650.2725219726562,52796,0.0,0.0,170432610304,0.268,0.495,0.08401,0.31329,329.777,,,,95110.96,0.5550990127741324,0.24181495864837757,,True
2022-08-01 00:00:00+05:30,650.2725219726562,666.8734130859375,641.3336181640625,651.029296875,45750,0.0,0.0,170432610304,0.268,0.495,0.08401,0.31329,329.777,,,,92102.26,0.49673048196645775,0.23810094542640936,,True
2022-08-02 00:00:00+05:30,654.292724609375,677.278564453125,646.063232421875,673.0219116210938,34819,0.0,0.0,170432610304,0.268,0.495,0.08401,0.31329,329.777,,,,91762.54,0.3794467764296847,0.263965663262015,,False
2022-08-03 00:00:00+05:30,673.494873046875,676.0488891601562,656.9885864257812,661.3870849609375,19440,0.0,0.0,170432610304,0.268,0.495,0.08401,0.31329,329.777,,,,91155.16,0.2132627489217286,0.26055452187437517,,False
2022-08-04 00:00:00+05:30,654.81298828125,666.11669921875,654.81298828125,662.0492553710938,31002,0.0,0.0,170432610304,0.268,0.495,0.08401,0.31329,329.777,,,,91367.0,0.33931288101831075,0.2604271954752332,,False
2022-08-05 00:00:00+05:30,662.0492553710938,667.5355834960938,644.17138671875,656.5629272460938,25947,0.0,0.0,170432610304,0.268,0.495,0.08401,0.31329,329.777,,,,91623.8,0.28319061204621504,0.2617459825671834,,False
2022-08-08 00:00:00+05:30,656.5629272460938,667.8193359375,656.5629272460938,664.0357055664062,21422,0.0,0.0,170432610304,0.268,0.495,0.08401,0.31329,329.777,,,,91559.92,0.23396700215552832,0.25600670027338585,,False
2022-08-10 00:00:00+05:30,662.1438598632812,679.17041015625,662.1438598632812,676.238037109375,49661,0.0,0.0,170432610304,0.268,0.495,0.08401,0.31329,329.777,,,,91589.3,0.5422139922458191,0.260656395879185,,False
2022-08-11 00:00:00+05:30,679.6433715820312,695.2510375976562,645.2591552734375,650.7454833984375,171591,0.0,0.0,170432610304,0.268,0.495,0.08401,0.31329,329.777,,,,94162.0,1.822295618189928,0.29374733386384844,,False
2022-08-12 00:00:00+05:30,657.2723388671875,658.3601684570312,645.4010620117188,649.3265991210938,15485,0.0,0.0,170432610304,0.268,0.495,0.08401,0.31329,329.777,,,,91606.46,0.16903829708079537,0.2857282838318998,,False
2022-08-16 00:00:00+05:30,649.3265991210938,652.5900268554688,638.495849609375,638.5431518554688,31763,0.0,0.0,170432610304,0.268,0.495,0.08401,0.31329,329.777,,,,89778.38,0.3537934188609774,0.2732020795705407,,False
2022-08-17 00:00:00+05:30,638.6377563476562,654.3873291015625,638.6377563476562,643.982177734375,22490,0.0,0.0,170432610304,0.268,0.495,0.08401,0.31329,329.777,,,,86393.44,0.26032069101542893,0.2718329658234817,,False
2022-08-18 00:00:00+05:30,645.8740234375,647.1983032226562,638.495849609375,642.5159912109375,18827,0.0,0.0,170432610304,0.268,0.495,0.08401,0.31329,329.777,,,,83454.24,0.22559668627981033,0.269621571946465,,False
2022-08-19 00:00:00+05:30,643.2254638671875,645.7321166992188,633.009521484375,638.8742065429688,23583,0.0,0.0,170432610304,0.268,0.495,0.08401,0.31329,329.777,,,,80384.34,0.2933780385582565,0.26515892562523946,,False
2022-08-22 00:00:00+05:30,638.495849609375,647.765869140625,627.4285888671875,637.7391357421875,30170,0.0,0.0,170432610304,0.268,0.495,0.08401,0.31329,329.777,,,,74134.56,0.40696269054540823,0.23959756692934203,,False
2022-08-23 00:00:00+05:30,625.2529907226562,657.4142456054688,625.2529907226562,653.6778564453125,33893,0.0,0.0,170432610304,0.268,0.495,0.08401,0.31329,329.777,,,,69190.3,0.48985190120580485,0.2595800636258701,,False
2022-08-24 00:00:00+05:30,660.2047119140625,676.3326416015625,639.67822265625,671.3192749023438,71322,0.0,0.0,170432610304,0.268,0.495,0.08401,0.31329,329.777,,,,66774.02,1.0681100224308795,0.2788298567355677,,False
2022-08-25 00:00:00+05:30,671.3192749023438,690.5214233398438,667.1099243164062,686.7850341796875,64307,0.0,0.0,170432610304,0.268,0.495,0.08401,0.31329,329.777,,,,63626.94,1.0106882399185,0.29019553577224766,,False
2022-08-26 00:00:00+05:30,693.595703125,697.6631469726562,677.798828125,685.7445678710938,29436,0.0,0.0,170432610304,0.268,0.495,0.08401,0.31329,329.777,,,,62029.04,0.47455191955251924,0.29032530494555625,,False
2022-08-29 00:00:00+05:30,663.0897827148438,689.2444458007812,658.6439208984375,676.6163940429688,17235,0.0,0.0,170432610304,0.268,0.495,0.08401,0.31329,329.777,,,,59176.24,0.2912486497959316,0.2852244218882949,,False
2022-08-30 00:00:00+05:30,688.3931274414062,704.710205078125,681.062255859375,681.6770629882812,111845,0.0,0.0,170432610304,0.268,0.495,0.08401,0.31329,329.777,,,,56782.96,1.969693020582231,0.2770340716056616,,False
2022-09-01 00:00:00+05:30,683.4270629882812,691.2308959960938,678.0825805664062,682.4811401367188,102816,0.0,0.0,170432610304,0.268,0.495,0.08401,0.31329,329.777,,,,56558.64,1.8178654932296816,0.27703306378709636,,False
2022-09-02 00:00:00+05:30,685.9337158203125,695.2510375976562,685.8864135742188,688.771484375,183039,0.0,0.0,170432610304,0.268,0.495,0.08401,0.31329,329.777,,,,57383.36,3.1897574488492833,0.252925802699014,,True
2022-09-05 00:00:00+05:30,690.5214233398438,699.9806518554688,686.7850341796875,689.0552368164062,121006,0.0,0.0,170432610304,0.268,0.495,0.08401,0.31329,329.777,,,,57248.9,2.113682533638201,0.24331479376610568,,True
2022-09-06 00:00:00+05:30,692.5078735351562,695.6766967773438,687.210693359375,690.8997802734375,85204,0.0,0.0,170432610304,0.268,0.495,0.08401,0.31329,329.777,,,,56879.22,1.4979811607824438,0.24328135956345825,,True
2022-09-07 00:00:00+05:30,692.365966796875,695.2037353515625,687.6836547851562,689.2444458007812,95877,0.0,0.0,170432610304,0.268,0.495,0.08401,0.31329,329.777,,,,56462.24,1.698072906778052,0.24078414999451986,,True
2022-09-08 00:00:00+05:30,695.2510375976562,704.5210571289062,694.3051147460938,694.9199829101562,123136,0.0,0.0,170432610304,0.268,0.495,0.08401,0.31329,329.777,,,,55352.8,2.224566778916333,0.239507398170813,,True
2022-09-09 00:00:00+05:30,700.9265747070312,703.2440795898438,690.5214233398438,690.994384765625,90269,0.0,0.0,170432610304,0.268,0.495,0.08401,0.31329,329.777,,,,54473.24,1.6571255904734141,0.23333447468189863,,True
2022-09-12 00:00:00+05:30,699.9806518554688,710.2911376953125,692.4132690429688,695.0145263671875,144183,0.0,0.0,170432610304,0.268,0.495,0.08401,0.31329,329.777,,,,56052.62,2.5722794046023183,0.18282328172074275,,True
2022-09-13 00:00:00+05:30,704.4737548828125,707.4061279296875,690.5214233398438,694.068603515625,109748,0.0,0.0,170432610304,0.268,0.495,0.08401,0.31329,329.777,,,,57908.52,1.8951960782282125,0.18251690035682605,,True
2022-09-14 00:00:00+05:30,694.2578125,696.1969604492188,682.9541015625,683.9000244140625,103410,0.0,0.0,170432610304,0.268,0.495,0.08401,0.31329,329.777,,,,59619.94,1.734486817665365,0.17978418712051739,,True
2022-09-15 00:00:00+05:30,685.7918090820312,689.5281982421875,683.9000244140625,685.177001953125,100482,0.0,0.0,170432610304,0.268,0.495,0.08401,0.31329,329.777,,,,61300.2,1.6391789912594088,0.17886860523229264,,True
2022-09-16 00:00:00+05:30,685.7918090820312,689.81201171875,650.177978515625,678.0825805664062,148267,0.0,0.0,170432610304,0.268,0.495,0.08401,0.31329,329.777,,,,61657.0,2.4047066837504256,0.18434208833252239,,True
2022-09-19 00:00:00+05:30,685.7918090820312,695.2510375976562,684.8458862304688,687.6363525390625,172871,0.0,0.0,170432610304,0.268,0.495,0.08401,0.31329,329.777,,,,64745.18,2.6700211506092035,0.18569568635676129,,True
2022-09-20 00:00:00+05:30,691.0889892578125,699.9806518554688,690.5214233398438,693.1699829101562,113485,0.0,0.0,170432610304,0.268,0.495,0.08401,0.31329,329.777,,,,66804.74,1.6987567049882986,0.18509183765707343,,True
2022-09-21 00:00:00+05:30,696.669921875,700.9265747070312,681.062255859375,691.325439453125,247400,0.0,0.0,170432610304,0.268,0.495,0.08401,0.31329,329.777,,,,71293.58,3.47015818254603,0.1693268161652076,,True
2022-09-22 00:00:00+05:30,686.2647705078125,698.1834106445312,682.0081787109375,690.994384765625,134857,0.0,0.0,170432610304,0.268,0.495,0.08401,0.31329,329.777,,,,73679.54,1.8303181588810138,0.14351309791842037,,True
2022-09-23 00:00:00+05:30,690.7579345703125,692.4132690429688,683.9000244140625,687.8728637695312,42957,0.0,0.0,170432610304,0.268,0.495,0.08401,0.31329,329.777,,,,73384.34,0.5853701212002452,0.12003581465237012,,True
2022-09-26 00:00:00+05:30,695.2510375976562,699.9806518554688,688.6295776367188,695.4874877929688,431400,0.0,0.0,170432610304,0.268,0.495,0.08401,0.31329,329.777,,,,80007.5,5.391994500515577,0.12594803988468276,,True
2022-09-27 00:00:00+05:30,700.6427612304688,707.0277099609375,679.312255859375,688.2039184570312,157924,0.0,0.0,170432610304,0.268,0.495,0.08401,0.31329,329.777,,,,82906.66,1.9048409379897826,0.12209299933826798,,True
2022-09-28 00:00:00+05:30,687.6836547851562,698.6563720703125,687.6836547851562,692.2240600585938,106023,0.0,0.0,170432610304,0.268,0.495,0.08401,0.31329,329.777,,,,83758.3,1.2658208201455856,0.12105234801641981,,True
2022-09-29 00:00:00+05:30,702.7238159179688,702.7238159179688,687.6836547851562,690.8052368164062,118062,0.0,0.0,170432610304,0.268,0.495,0.08401,0.31329,329.777,,,,82909.28,1.423990173355745,0.12145852419202076,,True
2022-09-30 00:00:00+05:30,694.3051147460938,701.3995361328125,687.6836547851562,694.1159057617188,166984,0.0,0.0,170432610304,0.268,0.495,0.08401,0.31329,329.777,,,,85541.3,1.952086302172167,0.11828578704422049,,True
2022-10-03 00:00:00+05:30,695.2510375976562,705.6561279296875,689.5755004882812,692.1768188476562,149471,0.0,0.0,170432610304,0.268,0.495,0.08401,0.31329,329.777,,,,87518.74,1.7078742221380243,0.11883216358615804,,True
2022-10-04 00:00:00+05:30,696.1969604492188,703.717041015625,689.1025390625,697.9468994140625,161483,0.0,0.0,170432610304,0.268,0.495,0.08401,0.31329,329.777,,,,90040.52,1.7934481053641183,0.12201863389953711,,True
2022-10-06 00:00:00+05:30,699.9806518554688,709.4398193359375,690.994384765625,696.0550537109375,161933,0.0,0.0,170432610304,0.268,0.495,0.08401,0.31329,329.777,,,,92530.6,1.7500480921986887,0.1221239724730558,,True
2022-10-07 00:00:00+05:30,696.0550537109375,699.0347290039062,688.7241821289062,690.994384765625,147894,0.0,0.0,170432610304,0.268,0.495,0.08401,0.31329,329.777,,,,95004.14,1.556711107536998,0.12153366710170928,,True
2022-10-10 00:00:00+05:30,693.3591918945312,697.1428833007812,687.73095703125,690.0484619140625,138267,0.0,0.0,170432610304,0.268,0.495,0.08401,0.31329,329.777,,,,96870.86,1.4273332558418497,0.11995369737227825,,True
2022-10-11 00:00:00+05:30,691.3727416992188,694.3051147460938,685.6026611328125,690.0011596679688,130782,0.0,0.0,170432610304,0.268,0.495,0.08401,0.31329,329.777,,,,98811.14,1.3235552185715092,0.11794313047981748,,False
2022-10-12 00:00:00+05:30,693.4537963867188,696.149658203125,684.8458862304688,687.210693359375,121427,0.0,0.0,170432610304,0.268,0.495,0.08401,0.31329,329.777,,,,100668.82,1.2062026752672772,0.11863502095828576,,False
2022-10-13 00:00:00+05:30,690.663330078125,696.1969604492188,679.5960693359375,689.8593139648438,195444,0.0,0.0,170432610304,0.268,0.495,0.08401,0.31329,329.777,,,,103521.78,1.8879505356264161,0.10690180136303797,,False
2022-10-14 00:00:00+05:30,695.3456420898438,700.0279541015625,678.8865966796875,683.947265625,194261,0.0,0.0,170432610304,0.268,0.495,0.08401,0.31329,329.777,,,,106492.0,1.8241839762611276,0.11139879027342708,,False
2022-10-17 00:00:00+05:30,690.5214233398438,698.37255859375,686.879638671875,691.5619506835938,187936,0.0,0.0,170432610304,0.268,0.495,0.08401,0.31329,329.777,,,,109554.34,1.715459195865723,0.11119116251888532,,False
2022-10-18 00:00:00+05:30,693.9740600585938,703.5751342773438,686.7377319335938,691.4673461914062,315115,0.0,0.0,170432610304,0.268,0.495,0.08401,0.31329,329.777,,,,115467.84,2.7290282731538062,0.09988485476037272,,False
2022-10-19 00:00:00+05:30,691.0889892578125,699.9806518554688,688.582275390625,697.9942016601562,151475,0.0,0.0,170432610304,0.268,0.495,0.08401,0.31329,329.777,,,,117877.3,1.2850226464298045,0.10142754475364739,,False
2022-10-20 00:00:00+05:30,695.2510375976562,699.5076904296875,687.210693359375,688.0147705078125,153339,0.0,0.0,170432610304,0.268,0.495,0.08401,0.31329,329.777,,,,120425.14,1.2733138612087145,0.11370148946081465,,False
2022-10-21 00:00:00+05:30,699.0347290039062,709.4398193359375,693.2645874023438,700.7373657226562,105005,0.0,0.0,170432610304,0.268,0.495,0.08401,0.31329,329.777,,,,122096.8,0.860014349270415,0.13164381781505036,,False
2022-10-24 00:00:00+05:30,709.4398193359375,728.074462890625,709.4398193359375,723.3448486328125,16195,0.0,0.0,170432610304,0.268,0.495,0.08401,0.31329,329.777,,,,121427.48,0.13337178701229738,0.1710333862280995,,True
2022-10-25 00:00:00+05:30,723.7705078125,731.7635498046875,706.5547485351562,715.2099609375,188066,0.0,0.0,170432610304,0.268,0.495,0.08401,0.31329,329.777,,,,121756.98,1.5446013854811445,0.17463346256238338,,True
2022-10-27 00:00:00+05:30,718.9935913085938,725.5204467773438,698.5144653320312,721.02734375,309919,0.0,0.0,170432610304,0.268,0.495,0.08401,0.31329,329.777,,,,127645.66,2.427963473258707,0.170209917626601,,True
2022-10-28 00:00:00+05:30,718.8990478515625,723.1083984375,696.1969604492188,699.223876953125,286036,0.0,0.0,170432610304,0.268,0.495,0.08401,0.31329,329.777,,,,132731.12,2.155003287849903,0.2051041299699642,,True
2022-10-31 00:00:00+05:30,710.3384399414062,715.7774658203125,697.8995971679688,709.1087646484375,162011,0.0,0.0,170432610304,0.268,0.495,0.08401,0.31329,329.777,,,,135521.54,1.1954630976005733,0.21033035489797622,,True
2022-11-01 00:00:00+05:30,712.2302856445312,712.277587890625,699.2711791992188,708.5885009765625,180029,0.0,0.0,170432610304,0.268,0.495,0.08401,0.31329,329.777,,,,138745.58,1.2975476407969178,0.21005982306559173,,True
2022-11-02 00:00:00+05:30,708.35205078125,713.1762084960938,697.2374877929688,698.2779541015625,170692,0.0,0.0,170432610304,0.268,0.495,0.08401,0.31329,329.777,,,,141687.76,1.2047053323448687,0.21699304198750474,,True
2022-11-03 00:00:00+05:30,699.9806518554688,709.3925170898438,695.3929443359375,708.68310546875,153687,0.0,0.0,170432610304,0.268,0.495,0.08401,0.31329,329.777,,,,144158.1,1.0661003439973196,0.221334291283876,,True
2022-11-04 00:00:00+05:30,708.493896484375,708.493896484375,698.0888061523438,701.304931640625,121926,0.0,0.0,170432610304,0.268,0.495,0.08401,0.31329,329.777,,,,145918.76,0.8355745347616714,0.22464308326720672,,True
2022-11-07 00:00:00+05:30,704.8521118164062,714.0748291015625,687.7782592773438,712.9397583007812,326608,0.0,0.0,170432610304,0.268,0.495,0.08401,0.31329,329.777,,,,151024.48,2.1626162857836024,0.22964842684176529,,True
2022-11-09 00:00:00+05:30,718.8990478515625,723.6286010742188,699.5076904296875,707.453369140625,303850,0.0,0.0,170432610304,0.268,0.495,0.08401,0.31329,329.777,,,,155815.34,1.9500647368866248,0.23184405068353908,,True
2022-11-10 00:00:00+05:30,709.4398193359375,727.22314453125,698.3252563476562,715.2572631835938,240349,0.0,0.0,170432610304,0.268,0.495,0.08401,0.31329,329.777,,,,160033.6,1.5018658581697844,0.23427986125074265,,True
2022-11-11 00:00:00+05:30,725.5204467773438,727.22314453125,697.1428833007812,700.1224975585938,317874,0.0,0.0,170432610304,0.268,0.495,0.08401,0.31329,329.777,,,,166046.38,1.9143687444435704,0.24754407678690915,,True
2022-11-14 00:00:00+05:30,696.2442626953125,718.8517456054688,696.2442626953125,713.1762084960938,227923,0.0,0.0,170432610304,0.268,0.495,0.08401,0.31329,329.777,,,,168367.94,1.353719716473338,0.25521759507464403,0.953040057002904,True
2022-11-15 00:00:00+05:30,709.4398193359375,712.7032470703125,695.818603515625,702.345458984375,159175,0.0,0.0,170432610304,0.268,0.495,0.08401,0.31329,329.777,0.4911136209435438,,,169495.12,0.9391125833003334,0.2598178892767694,0.9385665818517918,True
2022-11-16 00:00:00+05:30,706.1290893554688,709.4398193359375,698.0888061523438,700.7373657226562,167493,0.0,0.0,170432610304,0.268,0.495,0.08401,0.31329,329.777,0.5023321655385429,,,169184.2,0.9900037946805906,0.25754527616492945,0.9364176356649213,True
2022-11-17 00:00:00+05:30,704.710205078125,707.2642211914062,696.7172241210938,699.1293334960938,190461,0.0,0.0,170432610304,0.268,0.495,0.08401,0.31329,329.777,0.40433216360159197,,,170573.3,1.1165932769079334,0.2577614545651028,0.9342687710412719,True
2022-11-18 00:00:00+05:30,697.2374877929688,704.1900024414062,697.1428833007812,698.37255859375,173732,0.0,0.0,170432610304,0.268,0.495,0.08401,0.31329,329.777,0.414774336778317,,,172343.86,1.0080544789933334,0.25571496330175847,0.9332574686625948,True
2022-11-21 00:00:00+05:30,699.0347290039062,709.4398193359375,695.2510375976562,706.8858642578125,73038,0.0,0.0,170432610304,0.268,0.495,0.08401,0.31329,329.777,0.4357349505202417,,,171887.08,0.4249184988191085,0.2531384582630313,0.9446340698709702,True
2022-11-22 00:00:00+05:30,706.8858642578125,709.4398193359375,699.9806518554688,704.8048095703125,25099,0.0,0.0,170432610304,0.268,0.495,0.08401,0.31329,329.777,0.44385228934707244,,,169926.34,0.14770517625460539,0.245341664087902,0.9418530902836345,True
2022-11-23 00:00:00+05:30,702.1089477539062,709.4398193359375,702.1089477539062,708.9195556640625,20896,0.0,0.0,170432610304,0.268,0.495,0.08401,0.31329,329.777,0.4511569086931946,,,168538.88,0.12398326131038725,0.21600640188058848,0.9473517563987163,True
2022-11-24 00:00:00+05:30,712.2302856445312,713.6018676757812,703.85888671875,709.3925170898438,16231,0.0,0.0,170432610304,0.268,0.495,0.08401,0.31329,329.777,0.42319002620966306,,,165979.84,0.0977889844935385,0.21256360552337739,0.9479837897991815,False
2022-11-25 00:00:00+05:30,712.8924560546875,712.8924560546875,697.1428833007812,701.8724975585938,40665,0.0,0.0,170432610304,0.268,0.495,0.08401,0.31329,329.777,0.4516287191623798,,,164598.18,0.24705619466752307,0.21308005618560646,0.9379345484513265,False
2022-11-28 00:00:00+05:30,699.0347290039062,709.4398193359375,696.1969604492188,702.8656616210938,50619,0.0,0.0,170432610304,0.268,0.495,0.08401,0.31329,329.777,0.4433760036308285,,,163542.36,0.30951614003858086,0.18356075172058772,0.9392617451854046,False
2022-11-29 00:00:00+05:30,703.7642822265625,707.3588256835938,692.4605712890625,704.2372436523438,39213,0.0,0.0,170432610304,0.268,0.495,0.08401,0.31329,329.777,0.43962096453364286,,,162316.98,0.24158285842922902,0.1763530532904971,0.9410946338904319,False
2022-11-30 00:00:00+05:30,704.710205078125,710.3857421875,698.0888061523438,708.0209350585938,47723,0.0,0.0,170432610304,0.268,0.495,0.08401,0.31329,329.777,0.42612168846236065,,,160306.1,0.2976992141908511,0.1774759626362474,0.9461509010941543,False
2022-12-01 00:00:00+05:30,708.0209350585938,710.3384399414062,702.0143432617188,706.6493530273438,102537,0.0,0.0,170432610304,0.268,0.495,0.08401,0.31329,329.777,0.46036554601073454,,,158899.42,0.6452949922661769,0.16919618940089384,0.944318012389127,False
2022-12-02 00:00:00+05:30,705.6088256835938,716.061279296875,705.2777709960938,710.8587036132812,95619,0.0,0.0,170432610304,0.268,0.495,0.08401,0.31329,329.777,0.4755547103735025,,,158542.1,0.6031142516719533,0.16203124962513812,0.9499431014969462,False
2022-12-05 00:00:00+05:30,710.8587036132812,718.8990478515625,698.0888061523438,716.1085815429688,1033674,0.0,0.0,170432610304,0.268,0.495,0.08401,0.31329,329.777,0.513040920385964,,,174267.58,5.931533564648112,0.15885262516256027,0.9569586803984331,False
2022-12-06 00:00:00+05:30,717.8112182617188,731.1013793945312,711.0479125976562,725.8042602539062,200687,0.0,0.0,170432610304,0.268,0.495,0.08401,0.31329,329.777,0.45902269608201296,,,175584.18,1.1429674359045332,0.1552328604688356,0.9699153243263612,False
2022-12-07 00:00:00+05:30,730.2500610351562,730.2500610351562,725.7096557617188,727.7906494140625,97125,0.0,0.0,170432610304,0.268,0.495,0.08401,0.31329,329.777,0.5006826563749383,,,176667.54,0.5497614332548016,0.15191716201615588,0.9725697993577386,False
2022-12-08 00:00:00+05:30,727.7906494140625,731.148681640625,714.16943359375,714.3113403320312,107276,0.0,0.0,170432610304,0.268,0.495,0.08401,0.31329,329.777,0.4779332786314381,,,170185.06,0.6303491034994494,0.16303730357595966,0.9545569697893092,False
2022-12-09 00:00:00+05:30,717.9058227539062,732.1419067382812,714.2640380859375,717.4801635742188,130136,0.0,0.0,170432610304,0.268,0.495,0.08401,0.31329,329.777,0.4797112980723539,,,169629.3,0.767178783382352,0.1431085195849704,0.9587915691034603,True
2022-12-12 00:00:00+05:30,721.0746459960938,723.5340576171875,711.3316650390625,713.980224609375,104365,0.0,0.0,170432610304,0.268,0.495,0.08401,0.31329,329.777,0.4849497461666028,,,169596.14,0.6153736753678474,0.12886680159623187,0.9541144893147286,True
2022-12-13 00:00:00+05:30,717.5747680664062,717.5747680664062,705.9872436523438,714.0748291015625,96051,0.0,0.0,170432610304,0.268,0.495,0.08401,0.31329,329.777,0.4933728829320263,,,169155.92,0.5678252348484167,0.11557104950920631,0.954240912307466,True
2022-12-14 00:00:00+05:30,717.6693115234375,717.9058227539062,700.0751953125,704.048095703125,105314,0.0,0.0,170432610304,0.268,0.495,0.08401,0.31329,329.777,0.47153024615942396,,,167922.52,0.6271582870480982,0.1267940076093061,0.9408418694681784,True
2022-12-15 00:00:00+05:30,707.5479736328125,711.237060546875,703.8115844726562,708.3992919921875,89042,0.0,0.0,170432610304,0.268,0.495,0.08401,0.31329,329.777,0.4778489724311925,,,166713.94,0.5341005077319869,0.12808596971339156,0.9466565115018823,True
2022-12-16 00:00:00+05:30,707.5479736328125,710.7640991210938,702.0616455078125,707.0277099609375,91644,0.0,0.0,170432610304,0.268,0.495,0.08401,0.31329,329.777,0.4647266107094634,,,165317.16,0.5543526153001902,0.1282783479829245,0.9448236227968551,True
2022-12-19 00:00:00+05:30,708.7777099609375,711.3316650390625,700.1697998046875,709.1560668945312,123212,0.0,0.0,170432610304,0.268,0.495,0.08401,0.31329,329.777,0.4489756927578359,,,164542.74,0.7488145633164977,0.1212695727572259,0.9476678138805594,True
2022-12-20 00:00:00+05:30,709.1560668945312,713.6964721679688,700.9265747070312,708.8722534179688,121106,0.0,0.0,170432610304,0.268,0.495,0.08401,0.31329,329.777,0.4517628439802468,,,164006.98,0.7384197916454531,0.12073315059936351,0.9472885449023476,True
2022-12-21 00:00:00+05:30,706.7439575195312,709.9127807617188,701.0684204101562,705.1358642578125,99018,0.0,0.0,170432610304,0.268,0.495,0.08401,0.31329,329.777,0.4658342174733128,,,163222.0,0.6066461628947079,0.12043257703275127,0.9422954891949938,True
2022-12-22 00:00:00+05:30,705.93994140625,729.6351928710938,696.0077514648438,716.2031860351562,1009594,0.0,0.0,170432610304,0.268,0.495,0.08401,0.31329,329.777,0.5197712340316187,,,180798.24,5.584091969036867,0.13308389084053132,0.9570851033911704,True
2022-12-23 00:00:00+05:30,716.2031860351562,722.7772827148438,705.8926391601562,712.2302856445312,121233,0.0,0.0,170432610304,0.268,0.495,0.08401,0.31329,329.777,0.5831580589689758,,,180794.36,0.6705574222558713,0.12862167811812877,0.9517759902019733,True
2022-12-26 00:00:00+05:30,715.7774658203125,746.3306884765625,709.4398193359375,714.2640380859375,263488,0.0,0.0,170432610304,0.268,0.495,0.08401,0.31329,329.777,0.5992799039325265,,,182155.24,1.446502444837711,0.12881985695175663,0.9544937582929405,True
2022-12-27 00:00:00+05:30,711.3316650390625,737.8174438476562,711.3316650390625,731.4324340820312,213491,0.0,0.0,170432610304,0.268,0.495,0.08401,0.31329,329.777,0.44276513503407,,,182539.84,1.169558382433117,0.15294983341814405,0.9774364320723551,True
2022-12-28 00:00:00+05:30,733.0878295898438,764.255859375,720.0814208984375,733.5134887695312,652408,0.0,0.0,170432610304,0.268,0.495,0.08401,0.31329,329.777,0.46518655156060085,,,191829.28,3.4009823734937648,0.15245986241032272,0.9802174116596908,True
2022-12-29 00:00:00+05:30,721.4057006835938,731.5270385742188,718.8990478515625,722.919189453125,190703,0.0,0.0,170432610304,0.268,0.495,0.08401,0.31329,329.777,0.5175734575053004,,,189341.04,1.0071931579123046,0.1626623430801803,0.9660599124272008,True
2022-12-30 00:00:00+05:30,723.6286010742188,729.2568359375,705.7034301757812,711.3316650390625,171489,0.0,0.0,170432610304,0.268,0.495,0.08401,0.31329,329.777,0.4978587848683651,,,189741.32,0.9038041898306599,0.17253594275844222,0.9505751348974114,True
2023-01-02 00:00:00+05:30,714.9261474609375,719.844970703125,701.9197387695312,710.4803466796875,113891,0.0,0.0,170432610304,0.268,0.495,0.08401,0.31329,329.777,0.4971097979678396,,,188952.36,0.6027498148210481,0.1703987567531324,0.949437491089218,True
2023-01-03 00:00:00+05:30,714.0748291015625,725.5204467773438,709.4398193359375,715.1626586914062,112612,0.0,0.0,170432610304,0.268,0.495,0.08401,0.31329,329.777,0.4447735822976773,,,189104.5,0.5955014291040139,0.16457761786967684,0.9556946135975025,True
2023-01-04 00:00:00+05:30,717.8585205078125,717.8585205078125,706.3182983398438,712.08837890625,117726,0.0,0.0,170432610304,0.268,0.495,0.08401,0.31329,329.777,0.44297479846246524,,,191135.12,0.6159307614424812,0.1645310136859222,0.9515863557128674,True
2023-01-05 00:00:00+05:30,712.277587890625,715.9666748046875,709.1087646484375,711.5681762695312,112796,0.0,0.0,170432610304,0.268,0.495,0.08401,0.31329,329.777,0.43847413568934623,,,189629.72,0.594822372779963,0.15102455206264423,0.9508911923792546,True
2023-01-06 00:00:00+05:30,714.5950927734375,714.5950927734375,709.7708740234375,710.574951171875,102259,0.0,0.0,170432610304,0.268,0.495,0.08401,0.31329,329.777,0.4637568959008542,,,185476.52,0.5513312412805675,0.15009182222897582,0.9495639140819554,True
2023-01-09 00:00:00+05:30,714.1221313476562,723.0610961914062,711.1424560546875,715.2572631835938,85774,0.0,0.0,170432610304,0.268,0.495,0.08401,0.31329,329.777,0.46711301443992936,,,181471.28,0.47265881411097116,0.15111194958207236,0.9558210365902398,True
2023-01-10 00:00:00+05:30,718.7098388671875,718.7098388671875,708.493896484375,710.2911376953125,93698,0.0,0.0,170432610304,0.268,0.495,0.08401,0.31329,329.777,0.4723528583065604,,,180105.02,0.5202409127741137,0.15318482816687942,0.9491846451037436,True
2023-01-11 00:00:00+05:30,707.0750122070312,718.3314819335938,707.0750122070312,711.8992309570312,94946,0.0,0.0,170432610304,0.268,0.495,0.08401,0.31329,329.777,0.43667080079437337,,,178403.36,0.5321984967099275,0.1443538311937562,0.951333591290614,True
2023-01-12 00:00:00+05:30,714.16943359375,715.020751953125,709.4398193359375,711.237060546875,120349,0.0,0.0,170432610304,0.268,0.495,0.08401,0.31329,329.777,0.4659777074773317,,,177396.5,0.6784181198614403,0.1429033730152865,0.9504487119046742,True
2023-01-13 00:00:00+05:30,713.3654174804688,736.8715209960938,710.0546875,718.3314819335938,325472,0.0,0.0,170432610304,0.268,0.495,0.08401,0.31329,329.777,0.4599634784072486,,,180832.2,1.7998564414965919,0.14670353262924746,0.9599292129116537,True
2023-01-16 00:00:00+05:30,721.73681640625,737.8174438476562,710.4330444335938,715.1153564453125,276347,0.0,0.0,170432610304,0.268,0.495,0.08401,0.31329,329.777,0.4559460580028569,,,183920.62,1.5025340823666211,0.14763478665001387,0.9556314021011338,True
2023-01-17 00:00:00+05:30,715.1153564453125,729.3041381835938,711.75732421875,720.507080078125,122495,0.0,0.0,170432610304,0.268,0.495,0.08401,0.31329,329.777,0.4777378950375406,,,179838.36,0.681139440995792,0.1496973674953668,0.9628365339285055,True
2023-01-18 00:00:00+05:30,718.8990478515625,736.8715209960938,699.0347290039062,708.4465942382812,898158,0.0,0.0,170432610304,0.268,0.495,0.08401,0.31329,329.777,0.45596803269584085,,,191724.52,4.68462771480664,0.16102899488660502,0.9467197229982509,True
2023-01-19 00:00:00+05:30,710.4330444335938,741.9794921875,710.4330444335938,734.8850708007812,494430,0.0,0.0,170432610304,0.268,0.495,0.08401,0.31329,329.777,0.485752500222733,,,196806.14,2.512269180219682,0.20164891947438934,0.9820503003647181,True
2023-01-20 00:00:00+05:30,741.0335693359375,757.6817626953125,727.4122924804688,732.3783569335938,293679,0.0,0.0,170432610304,0.268,0.495,0.08401,0.31329,329.777,0.4455749646234741,,,196322.24,1.4959028584840923,0.20081871591300937,0.9787004988732857,True
2023-01-23 00:00:00+05:30,724.621826171875,745.1956176757812,724.621826171875,732.3783569335938,157670,0.0,0.0,170432610304,0.268,0.495,0.08401,0.31329,329.777,0.43193999480771583,,,194917.18,0.8089076601662306,0.20081341235334554,0.9787004988732857,True
2023-01-24 00:00:00+05:30,728.405517578125,736.0674438476562,711.3789672851562,718.7571411132812,99154,0.0,0.0,170432610304,0.268,0.495,0.08401,0.31329,329.777,0.4069993819945654,,,193716.76,0.5118503943592697,0.1937723967828609,0.9604980348157504,True
2023-01-25 00:00:00+05:30,721.878662109375,725.47314453125,710.3857421875,710.5276489257812,91062,0.0,0.0,170432610304,0.268,0.495,0.08401,0.31329,329.777,0.38358812988651914,,,192188.14,0.47381695873637153,0.19682198445044255,0.9495007025855867,False
2023-01-27 00:00:00+05:30,716.9598999023438,721.547607421875,710.6222534179688,717.24365234375,125618,0.0,0.0,170432610304,0.268,0.495,0.08401,0.31329,329.777,0.4087319462059109,,,190891.28,0.6580604415246207,0.19426987825643072,0.9584755116216171,False
2023-01-30 00:00:00+05:30,712.1356811523438,717.4801635742188,710.3857421875,710.5276489257812,101273,0.0,0.0,170432610304,0.268,0.495,0.08401,0.31329,329.777,0.40585814633549,,,189442.1,0.5345855013220399,0.18847758644547974,0.9495007025855867,False
2023-01-31 00:00:00+05:30,713.0343017578125,714.1221313476562,707.6898803710938,711.237060546875,93975,0.0,0.0,170432610304,0.268,0.495,0.08401,0.31329,329.777,0.38906334932244935,,,189860.84,0.4949677879861903,0.18845227778535872,0.9504487119046742,False
2023-02-01 00:00:00+05:30,712.277587890625,717.953125,710.4330444335938,713.9329223632812,86384,0.0,0.0,170432610304,0.268,0.495,0.08401,0.31329,329.777,0.4026203057960742,,,191086.54,0.45206742452922116,0.1874364869385837,0.95405127781836,False
2023-02-02 00:00:00+05:30,717.4801635742188,718.804443359375,707.5952758789062,710.8114013671875,96260,0.0,0.0,170432610304,0.268,0.495,0.08401,0.31329,329.777,0.4064195821668706,,,192593.82,0.49980835314445704,0.18745894095762825,0.9498798900005775,False
2023-02-03 00:00:00+05:30,710.4803466796875,714.0748291015625,710.4330444335938,712.0411376953125,84052,0.0,0.0,170432610304,0.268,0.495,0.08401,0.31329,329.777,0.392048174599273,,,193950.24,0.4333688888448914,0.18753942355705272,0.9515232257797199,False
2023-02-06 00:00:00+05:30,711.237060546875,714.0748291015625,709.9127807617188,711.237060546875,92993,0.0,0.0,170432610304,0.268,0.495,0.08401,0.31329,329.777,0.3216734493749025,,,194996.8,0.4768950054564998,0.18751363039138683,0.9504487119046742,False
2023-02-07 00:00:00+05:30,711.237060546875,714.0748291015625,709.865478515625,710.4803466796875,91085,0.0,0.0,170432610304,0.268,0.495,0.08401,0.31329,329.777,0.25539031168012927,,,195806.12,0.465179535757105,0.185968837158883,0.949437491089218,False
2023-02-08 00:00:00+05:30,712.9869995117188,714.0275268554688,709.8181762695312,711.6154174804688,113896,0.0,0.0,170432610304,0.268,0.495,0.08401,0.31329,329.777,0.29584004596916746,,,197299.78,0.577273831729564,0.18436861226301418,0.9509543223124022,False
2023-02-09 00:00:00+05:30,713.0816040039062,714.50048828125,710.0546875,710.8587036132812,98415,0.0,0.0,170432610304,0.268,0.495,0.08401,0.31329,329.777,0.3078663043583232,,,198313.62,0.496259409716791,0.18424244161443704,0.9499431014969462,False
2023-02-10 00:00:00+05:30,713.2235107421875,713.2235107421875,709.5817260742188,710.8114013671875,84860,0.0,0.0,170432610304,0.268,0.495,0.08401,0.31329,329.777,0.27342821590011956,,,197960.08,0.42867228584672223,0.1842107245519182,0.9498798900005775,False
2023-02-13 00:00:00+05:30,712.3248901367188,736.8715209960938,710.6694946289062,727.364990234375,124643,0.0,0.0,170432610304,0.268,0.495,0.08401,0.31329,329.777,0.3276070661640753,,,198540.56,0.6277961540956669,0.19919295699191397,0.9720009774536419,False
2023-02-14 00:00:00+05:30,736.6823120117188,747.276611328125,710.3857421875,713.3654174804688,131228,0.0,0.0,170432610304,0.268,0.495,0.08401,0.31329,329.777,0.30160514290754326,,,180491.64,0.7270586050412085,0.210842278382636,0.9532929029883785,False
2023-02-15 00:00:00+05:30,710.4803466796875,717.953125,700.973876953125,714.3585815429688,91987,0.0,0.0,170432610304,0.268,0.495,0.08401,0.31329,329.777,0.3090656539869565,,,178317.64,0.5158603489817384,0.20903281992865458,0.9546200997224566,False
2023-02-16 00:00:00+05:30,716.5342407226562,721.2638549804688,708.1155395507812,711.75732421875,31278,0.0,0.0,170432610304,0.268,0.495,0.08401,0.31329,329.777,0.30997564373577147,,,177000.7,0.1767111655490628,0.20040235906798456,0.9511439568015081,False
2023-02-17 00:00:00+05:30,700.0999755859375,716.0,694.2999877929688,703.5499877929688,125125,0.0,0.0,170432610304,0.268,0.495,0.08401,0.31329,329.777,0.2814841784500517,,,177357.68,0.7054952455399732,0.14923036583403226,0.9401762320206114,False
2023-02-20 00:00:00+05:30,699.9000244140625,721.0,692.4500122070312,701.2000122070312,157605,0.0,0.0,170432610304,0.268,0.495,0.08401,0.31329,329.777,0.28696022625752793,,,177907.06,0.8858838991549858,0.14922253782493822,0.9370358848810172,False
2023-02-21 00:00:00+05:30,695.0,705.8499755859375,686.0,699.7000122070312,72377,0.0,0.0,170432610304,0.268,0.495,0.08401,0.31329,329.777,0.238515473496,,,177267.3,0.4082930128681376,0.14901043004752137,0.9350313871587517,False
2023-02-22 00:00:00+05:30,703.0999755859375,703.9000244140625,698.0,700.4500122070312,46486,0.0,0.0,170432610304,0.268,0.495,0.08401,0.31329,329.777,0.25380327887120946,,,176276.0,0.2637114524949511,0.1361711965150567,0.9360336360198844,False
2023-02-23 00:00:00+05:30,704.0,704.0,692.7000122070312,696.6500244140625,115662,0.0,0.0,170432610304,0.268,0.495,0.08401,0.31329,329.777,0.24563035711576897,,,176482.96,0.6553720540498641,0.13179762451192745,0.9309555914361228,False
2023-02-24 00:00:00+05:30,700.5,700.5,690.0499877929688,695.8499755859375,157263,0.0,0.0,170432610304,0.268,0.495,0.08401,0.31329,329.777,0.24725865911012646,,,177847.38,0.884258176870528,0.12593892705511003,0.929886460733671,False
2023-02-27 00:00:00+05:30,695.4500122070312,698.25,684.4000244140625,689.5499877929688,175439,0.0,0.0,170432610304,0.268,0.495,0.08401,0.31329,329.777,0.22784737488307139,,,179523.28,0.977249301594757,0.12568622610849833,0.9214675866128001,False
2023-02-28 00:00:00+05:30,693.0,693.0,671.3499755859375,680.0999755859375,248815,0.0,0.0,170432610304,0.268,0.495,0.08401,0.31329,329.777,0.21861481945670236,,,182035.34,1.3668499753948877,0.13251069018937364,0.9088392346498834,False
2023-03-01 00:00:00+05:30,690.0,690.7999877929688,672.3499755859375,681.0499877929688,248678,0.0,0.0,170432610304,0.268,0.495,0.08401,0.31329,329.777,0.23815481436093733,,,184586.78,1.3472145730046323,0.13134212959504662,0.9101087661866291,False
2023-03-02 00:00:00+05:30,684.9000244140625,685.0499877929688,674.0,679.4000244140625,231215,0.0,0.0,170432610304,0.268,0.495,0.08401,0.31329,329.777,0.2144788378402589,,,187230.72,1.2349202096749936,0.13112070006944213,0.9079038676300697,False
2023-03-03 00:00:00+05:30,681.9000244140625,683.0,671.25,679.1500244140625,93994,0.0,0.0,170432610304,0.268,0.495,0.08401,0.31329,329.777,0.21106265276107572,,,168918.72,0.5564451352697913,0.13049134787287442,0.9075697846763587,False
2023-03-06 00:00:00+05:30,684.9000244140625,684.9000244140625,669.5999755859375,675.2000122070312,126603,0.0,0.0,170432610304,0.268,0.495,0.08401,0.31329,329.777,0.19414913742043183,,,169026.12,0.7490144126836729,0.13097902385789253,0.9022912576950821,False
2023-03-08 00:00:00+05:30,684.9000244140625,689.4500122070312,663.8499755859375,674.7000122070312,77827,0.0,0.0,170432610304,0.268,0.495,0.08401,0.31329,329.777,0.18988076311434599,,,165312.9,0.4707860064157123,0.13103317776692736,0.9016230917876603,False
2023-03-09 00:00:00+05:30,673.0,678.7999877929688,666.0999755859375,672.25,171244,0.0,0.0,170432610304,0.268,0.495,0.08401,0.31329,329.777,0.17867804221290218,,,164467.96,1.0411997570833857,0.13015059799660342,0.8983490625286491,False
2023-03-10 00:00:00+05:30,666.0499877929688,672.9500122070312,657.2000122070312,661.1500244140625,69102,0.0,0.0,170432610304,0.268,0.495,0.08401,0.31329,329.777,0.19816466127897425,,,152801.84,0.45223277416031116,0.13867456794565017,0.883515812009173,False
2023-03-13 00:00:00+05:30,654.5499877929688,658.2999877929688,640.0,640.9500122070312,111810,0.0,0.0,170432610304,0.268,0.495,0.08401,0.31329,329.777,0.13385952173361448,,,151223.98,0.7393668649641412,0.16762584694672475,0.8565218930366868,False
2023-03-14 00:00:00+05:30,645.0,656.75,635.0499877929688,638.7999877929688,143152,0.0,0.0,170432610304,0.268,0.495,0.08401,0.31329,329.777,0.133755568251418,,,150657.24,0.950183343329534,0.1302881069066327,0.8536487470094845,False
2023-03-15 00:00:00+05:30,643.5999755859375,643.7999877929688,623.75,625.75,187024,0.0,0.0,170432610304,0.268,0.495,0.08401,0.31329,329.777,0.1203750856212662,,,152119.9,1.2294512420794388,0.13188697814574568,0.836209633138419,False
2023-03-16 00:00:00+05:30,623.0,628.9000244140625,621.0,621.25,88299,0.0,0.0,170432610304,0.268,0.495,0.08401,0.31329,329.777,0.07569925323439719,,,151633.64,0.5823180133379373,0.12855391903964986,0.8301961399716226,False
2023-03-17 00:00:00+05:30,624.0,625.0,620.7000122070312,622.0,101431,0.0,0.0,170432610304,0.268,0.495,0.08401,0.31329,329.777,0.06686308993326229,,,151307.74,0.6703622696367021,0.13131969480031436,0.8311983888327553,False
2023-03-20 00:00:00+05:30,629.9500122070312,646.0999755859375,620.5499877929688,621.5,44984,0.0,0.0,170432610304,0.268,0.495,0.08401,0.31329,329.777,0.07454817695788218,,,149951.5,0.29999033020676685,0.13158870243646656,0.8305302229253334,False
2023-03-21 00:00:00+05:30,583.0499877929688,603.4500122070312,575.0,580.1500244140625,283806,0.0,0.0,170432610304,0.268,0.495,0.08401,0.31329,329.777,-0.012846566930553527,,,153582.44,1.8479065705688749,0.25084752652641895,0.7752729350068366,False
2023-03-22 00:00:00+05:30,584.7999877929688,585.2000122070312,571.0,571.2000122070312,108525,0.0,0.0,170432610304,0.268,0.495,0.08401,0.31329,329.777,-0.021777519200609108,,,154037.46,0.7045364160120532,0.2502450296940099,0.7633127489513417,False
2023-03-23 00:00:00+05:30,574.0,575.0499877929688,570.0,571.9500122070312,232580,0.0,0.0,170432610304,0.268,0.495,0.08401,0.31329,329.777,-0.03855997849519732,,,156815.1,1.4831479876619025,0.2503875967764048,0.7643149978124744,False
2023-03-24 00:00:00+05:30,574.0,574.0999755859375,571.0,571.2999877929688,44642,0.0,0.0,170432610304,0.268,0.495,0.08401,0.31329,329.777,-0.022319006611545733,,,155809.02,0.2865174301205412,0.2518760685618716,0.7634463495075375,False
2023-03-27 00:00:00+05:30,571.0499877929688,599.0,566.0,572.4000244140625,41548,0.0,0.0,170432610304,0.268,0.495,0.08401,0.31329,329.777,-0.023282514498651596,,,154233.0,0.2693846323419761,0.25349872561263503,0.7649163634417983,False
2023-03-28 00:00:00+05:30,572.4000244140625,576.75,570.1500244140625,571.9500122070312,45933,0.0,0.0,170432610304,0.268,0.495,0.08401,0.31329,329.777,-0.018744613127951837,,,148642.22,0.3090171823321799,0.25542281948250894,0.7643149978124744,False
2023-03-29 00:00:00+05:30,572.9500122070312,617.0,571.0,601.5499877929688,61464,0.0,0.0,170432610304,0.268,0.495,0.08401,0.31329,329.777,0.030699935736781203,,,144344.56,0.42581445397041634,0.33371896478334495,0.8038703869065582,False
2023-03-31 00:00:00+05:30,607.5,720.0,600.0499877929688,661.1500244140625,732874,0.0,0.0,170432610304,0.268,0.495,0.08401,0.31329,329.777,0.1277924682665661,,,156552.14,4.681341309036082,0.5005119495473562,0.883515812009173,False
2023-04-03 00:00:00+05:30,636.0,638.7000122070312,606.5499877929688,613.4500122070312,117753,0.0,0.0,170432610304,0.268,0.495,0.08401,0.31329,329.777,0.05015338908857703,,,140944.04,0.8354592361620966,0.5606769452665558,0.8197727681284862,False
2023-04-05 00:00:00+05:30,614.9000244140625,618.4500122070312,584.0,585.8499755859375,93328,0.0,0.0,170432610304,0.268,0.495,0.08401,0.31329,329.777,0.0037180762124058298,,,132922.0,0.7021260588916808,0.5784016036436417,0.7828899611008686,False
2023-04-06 00:00:00+05:30,581.0,594.7999877929688,581.0,589.0,57036,0.0,0.0,170432610304,0.268,0.495,0.08401,0.31329,329.777,0.01214945262592404,,,128189.14,0.44493628711449346,0.5800007960028158,0.7870994389429146,False
2023-04-10 00:00:00+05:30,584.5,589.9500122070312,581.0,583.3499755859375,33951,0.0,0.0,170432610304,0.268,0.495,0.08401,0.31329,329.777,0.0028479201012667765,,,125714.76,0.2700637538503832,0.5797509709176609,0.7795491315637595,False
2023-04-11 00:00:00+05:30,585.0499877929688,589.9500122070312,583.3499755859375,586.0999755859375,20418,0.0,0.0,170432610304,0.268,0.495,0.08401,0.31329,329.777,0.006021359246288105,,,124140.04,0.16447553907667503,0.5810772237984817,0.7832240440545795,False
2023-04-12 00:00:00+05:30,585.0,597.5499877929688,585.0,595.0999755859375,51219,0.0,0.0,170432610304,0.268,0.495,0.08401,0.31329,329.777,0.024463578974311062,,,123343.18,0.41525603604512223,0.5845797741972777,0.7952510303881725,False
2023-04-13 00:00:00+05:30,597.0499877929688,612.9500122070312,587.5999755859375,609.8499755859375,70545,0.0,0.0,170432610304,0.268,0.495,0.08401,0.31329,329.777,0.046192960848264075,,,122241.72,0.5770943013563617,0.5850116424835561,0.8149619246571164,False
2023-04-17 00:00:00+05:30,611.7000122070312,624.0999755859375,597.3499755859375,615.3499755859375,25768,0.0,0.0,170432610304,0.268,0.495,0.08401,0.31329,329.777,0.042935203477949324,,,120731.62,0.21343207355289362,0.5862353630356331,0.8223117496387565,False
2023-04-18 00:00:00+05:30,615.3499755859375,619.4500122070312,611.2000122070312,617.25,10732,0.0,0.0,170432610304,0.268,0.495,0.08401,0.31329,329.777,0.04775125638162714,,,119066.76,0.09013430784544738,0.5819457420671215,0.8248508127122479,False
2023-04-19 00:00:00+05:30,615.6500244140625,631.0,607.0,626.5999755859375,632867,0.0,0.0,170432610304,0.268,0.495,0.08401,0.31329,329.777,-0.003274097695937339,,,129996.42,4.868341758949978,0.5837094691852337,0.8373454825557477,False
2023-04-20 00:00:00+05:30,632.8499755859375,645.0,620.1500244140625,632.9500122070312,39275,0.0,0.0,170432610304,0.268,0.495,0.08401,0.31329,329.777,0.04137752910739856,,,128856.72,0.30479590043887506,0.5845972742033576,0.8458312385179375,False
2023-04-21 00:00:00+05:30,636.0,670.9500122070312,622.5499877929688,659.0499877929688,64352,0.0,0.0,170432610304,0.268,0.495,0.08401,0.31329,329.777,0.10882348440980039,,,128462.72,0.5009391051349372,0.6011968676257724,0.8807094662600685,False
2023-04-24 00:00:00+05:30,656.5999755859375,656.5999755859375,641.0999755859375,648.5999755859375,25758,0.0,0.0,170432610304,0.268,0.495,0.08401,0.31329,329.777,-0.06956808619469002,,,127118.02,0.2026305947811333,0.5472645987788672,0.8667447824823081,True
2023-04-25 00:00:00+05:30,642.2000122070312,652.0,611.5,645.7999877929688,1066215,0.0,0.0,170432610304,0.268,0.495,0.08401,0.31329,329.777,-0.061679851242090966,,,146620.62,7.27193078299628,0.5428581927467957,0.8630030697133901,True
2023-04-26 00:00:00+05:30,642.5999755859375,660.0,642.5999755859375,649.75,232952,0.0,0.0,170432610304,0.268,0.495,0.08401,0.31329,329.777,-0.13171840330533324,,,149001.74,1.5634179842463585,0.5424930585815569,0.8841518569590586,True
2023-04-27 00:00:00+05:30,653.0,659.0,646.5,653.3499755859375,227866,0.0,0.0,170432610304,0.268,0.495,0.08401,0.31329,329.777,-0.08315737903177456,,,151590.76,1.503165496366665,0.5416909408573665,0.8890505489164482,True
2023-04-28 00:00:00+05:30,653.3499755859375,660.5,652.6500244140625,658.9500122070312,109874,0.0,0.0,170432610304,0.268,0.495,0.08401,0.31329,329.777,-0.048913123433408146,,,152091.04,0.7224225700606689,0.541333378741917,0.8966708379161847,True
2023-05-02 00:00:00+05:30,655.0,656.75,641.0,645.5999755859375,169010,0.0,0.0,170432610304,0.268,0.495,0.08401,0.31329,329.777,-0.058086803574841084,,,152978.38,1.1047966385838313,0.5496886698977,0.8785046822116653,True
2023-05-03 00:00:00+05:30,652.0,679.0,643.6500244140625,665.5,155812,0.0,0.0,170432610304,0.268,0.495,0.08401,0.31329,329.777,-0.07257051165097139,,,153470.06,1.0152599145396828,0.5316299362217429,0.9055837796171659,True
2023-05-04 00:00:00+05:30,674.9500122070312,680.9500122070312,666.1500244140625,669.2999877929688,151133,0.0,0.0,170432610304,0.268,0.495,0.08401,0.31329,329.777,-0.05272735172953669,,,154652.98,0.9772394945121652,0.4011652376497714,0.9107546395841918,False
2023-05-05 00:00:00+05:30,662.5999755859375,684.0,662.5499877929688,681.7000122070312,125097,0.0,0.0,170432610304,0.268,0.495,0.08401,0.31329,329.777,-0.022682073483565324,,,156529.36,0.7991919215666633,0.29795472005395723,0.9276280595334507,False
2023-05-08 00:00:00+05:30,681.0,681.2000122070312,674.9500122070312,678.75,127081,0.0,0.0,170432610304,0.268,0.495,0.08401,0.31329,329.777,0.013425012642022782,,,156568.48,0.8116640079791283,0.2349369910177782,0.9236138097898592,False
2023-05-09 00:00:00+05:30,681.9500122070312,682.0,673.8499755859375,677.9000244140625,127803,0.0,0.0,170432610304,0.268,0.495,0.08401,0.31329,329.777,-0.052041019250711584,,,155972.44,0.8193947597408875,0.23689791721292344,0.9224571995664248,False
2023-05-10 00:00:00+05:30,677.3499755859375,678.0,671.5999755859375,676.5499877929688,112983,0.0,0.0,170432610304,0.268,0.495,0.08401,0.31329,329.777,-0.0313133607348689,,,156784.56,0.7206258065207441,0.23123835556697234,0.9206201277918918,False
2023-05-11 00:00:00+05:30,672.0,677.0,672.0,674.5499877929688,3097,0.0,0.0,170432610304,0.268,0.495,0.08401,0.31329,329.777,-0.03665593739804296,,,155916.78,0.019863160334634925,0.2340664156480123,0.9178986138035609,False
2023-05-12 00:00:00+05:30,671.5999755859375,688.9000244140625,670.0499877929688,686.1500244140625,74777,0.0,0.0,170432610304,0.268,0.495,0.08401,0.31329,329.777,0.007960388408638774,,,155099.08,0.482124071915836,0.2350112309265105,0.9336834447682905,False
2023-05-15 00:00:00+05:30,687.0,689.5,677.7000122070312,685.4000244140625,98833,0.0,0.0,170432610304,0.268,0.495,0.08401,0.31329,329.777,0.05355983343207882,,,153930.48,0.6420625726626721,0.22721945062863635,0.9326628770226664,False
2023-05-16 00:00:00+05:30,685.4000244140625,687.6500244140625,671.8499755859375,677.7999877929688,164713,0.0,0.0,170432610304,0.268,0.495,0.08401,0.31329,329.777,0.08322179296820664,,,153715.96,1.0715413025426899,0.23470748055852364,0.9223210740345988,False
2023-05-17 00:00:00+05:30,674.0,684.3499755859375,668.2000122070312,677.5,248412,0.0,0.0,170432610304,0.268,0.495,0.08401,0.31329,329.777,0.09708834972221325,,,153707.9,1.6161303355260206,0.23541196721456195,0.9219128635471523,False
2023-05-18 00:00:00+05:30,677.5,696.0,675.2000122070312,676.1500244140625,359572,0.0,0.0,170432610304,0.268,0.495,0.08401,0.31329,329.777,0.12108990007886455,,,155925.78,2.3060458636153687,0.23324350174913866,0.9200758748266351,False
2023-05-19 00:00:00+05:30,676.0,691.0,674.0,674.3499755859375,300805,0.0,0.0,170432610304,0.268,0.495,0.08401,0.31329,329.777,0.11968591171217469,,,157317.58,1.9120876382664926,0.23314020345321793,0.9176264457939245,False
2023-05-22 00:00:00+05:30,676.0,680.8499755859375,671.0499877929688,675.4000244140625,125002,0.0,0.0,170432610304,0.268,0.495,0.08401,0.31329,329.777,0.1317389362031145,,,157937.74,0.7914637755358536,0.18503070613457906,0.919055307081011,False
2023-05-23 00:00:00+05:30,681.2000122070312,725.0,678.0,709.75,409020,0.0,0.0,170432610304,0.268,0.495,0.08401,0.31329,329.777,0.19812837775669712,,,163586.08,2.5003349918281557,0.24489478442649798,0.965797276608991,True
2023-05-24 00:00:00+05:30,703.0,713.2000122070312,696.5999755859375,709.5999755859375,80065,0.0,0.0,170432610304,0.268,0.495,0.08401,0.31329,329.777,0.19921561605249516,,,163630.84,0.4893026277931471,0.24333495356134194,0.9655931298382597,True
2023-05-25 00:00:00+05:30,715.5999755859375,715.5999755859375,705.0499877929688,708.4000244140625,63816,0.0,0.0,170432610304,0.268,0.495,0.08401,0.31329,329.777,0.21417115669984788,,,161482.28,0.39518887149723175,0.24436402885781275,0.9639602878884738,True
2023-05-26 00:00:00+05:30,706.0999755859375,710.9000244140625,705.0,706.75,101423,0.0,0.0,170432610304,0.268,0.495,0.08401,0.31329,329.777,0.17913101424033306,,,162128.7,0.6255709198926531,0.24548843216436872,0.9617150056264943,True
2023-05-29 00:00:00+05:30,708.7999877929688,715.9000244140625,705.0,710.0,242358,0.0,0.0,170432610304,0.268,0.495,0.08401,0.31329,329.777,0.1459422802740613,,,164739.66,1.4711575828188548,0.24492180986008336,0.9661374658575324,True
2023-05-30 00:00:00+05:30,706.2999877929688,715.0,705.0,708.0499877929688,212747,0.0,0.0,170432610304,0.268,0.495,0.08401,0.31329,329.777,0.1952585885805409,,,166131.56,1.280593524794446,0.229459218089406,0.9634839731081063,True
2023-05-31 00:00:00+05:30,708.0499877929688,728.0,691.0,701.7000122070312,277221,0.0,0.0,170432610304,0.268,0.495,0.08401,0.31329,329.777,0.16794088864322254,,,167935.5,1.6507587734576668,0.21225778534361298,0.9548431994167614,True
2023-06-01 00:00:00+05:30,702.75,712.4000244140625,700.2000122070312,707.1500244140625,223025,0.0,0.0,170432610304,0.268,0.495,0.08401,0.31329,329.777,0.17359383334646794,,,170630.02,1.3070677715445385,0.21276514948337674,0.9622593416457668,True
2023-06-02 00:00:00+05:30,708.0,714.9000244140625,705.2000122070312,707.9500122070312,181171,0.0,0.0,170432610304,0.268,0.495,0.08401,0.31329,329.777,0.17399999170035696,,,172224.82,1.0519447777619972,0.20455363426692005,0.9633479306302961,True
2023-06-05 00:00:00+05:30,707.9500122070312,713.9500122070312,705.7000122070312,710.0499877929688,188076,0.0,0.0,170432610304,0.268,0.495,0.08401,0.31329,329.777,0.16424201708054698,,,175086.66,1.0741880620716622,0.20321050472819166,0.9662054870964374,True
2023-06-06 00:00:00+05:30,709.0499877929688,778.0,708.0499877929688,760.0499877929688,304187,0.0,0.0,170432610304,0.268,0.495,0.08401,0.31329,329.777,0.1966693951950096,,,175494.28,1.7333157525134153,0.31496045862124494,1.0,True
2023-06-07 00:00:00+05:30,780.5999755859375,794.4500122070312,744.0,750.6500244140625,294802,0.0,0.0,170432610304,0.268,0.495,0.08401,0.31329,329.777,0.197203376367298,,,179219.82,1.6449185140348874,0.3205200316418604,0.9876324405895962,True
2023-06-08 00:00:00+05:30,750.6500244140625,758.0499877929688,741.8499755859375,747.2999877929688,182117,0.0,0.0,170432610304,0.268,0.495,0.08401,0.31329,329.777,0.14512934160802882,,,178210.56,1.0219203620705755,0.32108495533051506,0.9832247875734813,True
2023-06-09 00:00:00+05:30,747.2999877929688,751.0,739.8499755859375,747.1500244140625,201608,0.0,0.0,170432610304,0.268,0.495,0.08401,0.31329,329.777,0.12420465725564078,,,181349.88,1.1117073802309656,0.31847931919218914,0.9830274803156499,True
2023-06-12 00:00:00+05:30,749.75,769.75,749.4500122070312,763.0499877929688,200884,0.0,0.0,170432610304,0.268,0.495,0.08401,0.31329,329.777,0.14902813194630493,,,184536.6,1.0885862208364085,0.3231803563768073,1.0,True
2023-06-13 00:00:00+05:30,764.0,774.1500244140625,754.2999877929688,757.6500244140625,195710,0.0,0.0,170432610304,0.268,0.495,0.08401,0.31329,329.777,0.13814063708834645,,,187532.14,1.0436077783786821,0.32074217759385043,0.9929231852889153,True
2023-06-14 00:00:00+05:30,763.9000244140625,764.0499877929688,730.3499755859375,736.7999877929688,205293,0.0,0.0,170432610304,0.268,0.495,0.08401,0.31329,329.777,0.10957886995624189,,,190408.72,1.0781701594338746,0.3414327685385235,0.9655985840771389,True
2023-06-15 00:00:00+05:30,739.0,876.0,735.0499877929688,817.0999755859375,430068,0.0,0.0,170432610304,0.268,0.495,0.08401,0.31329,329.777,0.22094039297938806,,,184352.6,2.3328556255783752,0.5028793897875498,1.0,True
2023-06-16 00:00:00+05:30,784.0,790.0,751.0499877929688,759.25,296308,0.0,0.0,170432610304,0.268,0.495,0.08401,0.31329,329.777,0.1372313799766749,,,187923.7,1.5767463071448677,0.5781090009978708,0.9292008599749944,True
2023-06-19 00:00:00+05:30,762.0,765.0,743.0,746.7999877929688,217143,0.0,0.0,170432610304,0.268,0.495,0.08401,0.31329,329.777,0.13678346265828978,,,190400.0,1.1404569327731093,0.5836561363260477,0.913964031460707,True
2023-06-20 00:00:00+05:30,749.3499755859375,754.5499877929688,736.9500122070312,747.2000122070312,90809,0.0,0.0,170432610304,0.268,0.495,0.08401,0.31329,329.777,0.14158396748318647,,,191075.46,0.47525202870112154,0.558775486629193,0.9144535975187352,True
2023-06-21 00:00:00+05:30,749.75,759.7000122070312,745.7000122070312,752.1500244140625,222332,0.0,0.0,170432610304,0.268,0.495,0.08401,0.31329,329.777,0.14451538004309383,,,194843.08,1.1410823520137334,0.5587576733499147,0.920511622674692,True
2023-06-22 00:00:00+05:30,748.7999877929688,751.6500244140625,733.3499755859375,739.2999877929688,203244,0.0,0.0,170432610304,0.268,0.495,0.08401,0.31329,329.777,0.11318523569746097,,,198499.6,1.023901307609688,0.5633030064082799,0.9047852281023765,True
2023-06-23 00:00:00+05:30,741.8499755859375,742.4500122070312,725.0,733.8499755859375,178510,0.0,0.0,170432610304,0.268,0.495,0.08401,0.31329,329.777,0.10545130442705575,,,201045.42,0.887908811849581,0.5641859264656831,0.898115282722531,True
2023-06-26 00:00:00+05:30,738.0,749.0,730.4000244140625,746.4500122070312,220841,0.0,0.0,170432610304,0.268,0.495,0.08401,0.31329,329.777,0.1278870327229935,,,204051.34,1.0822815473792038,0.5665759364356835,0.9135357171829022,True
2023-06-27 00:00:00+05:30,750.2000122070312,773.9500122070312,750.2000122070312,761.75,234928,0.0,0.0,170432610304,0.268,0.495,0.08401,0.31329,329.777,0.15034757874672566,,,208234.54,1.1281893964373058,0.5693983214993107,0.9322604610944378,True
2023-06-28 00:00:00+05:30,761.75,774.9000244140625,756.2999877929688,762.5,179698,0.0,0.0,170432610304,0.268,0.495,0.08401,0.31329,329.777,0.15793105097480753,,,211613.86,0.8491787825239803,0.5674250143711879,0.9331783414302709,True
2023-06-30 00:00:00+05:30,764.4000244140625,776.9500122070312,761.4500122070312,765.9500122070312,162660,0.0,0.0,170432610304,0.268,0.495,0.08401,0.31329,329.777,0.1543815921149012,,,202209.72,0.8044123694944041,0.5673133827544682,0.9374006059145615,True
2023-07-03 00:00:00+05:30,761.0,769.4000244140625,750.0499877929688,756.9500122070312,125727,0.0,0.0,170432610304,0.268,0.495,0.08401,0.31329,329.777,0.14171269576386236,,,203938.76,0.6164938925783406,0.570190892233207,0.9263860418845649,True
2023-07-04 00:00:00+05:30,758.0499877929688,773.0,750.0,764.9000244140625,205211,0.0,0.0,170432610304,0.268,0.495,0.08401,0.31329,329.777,0.143506997433704,,,206755.94,0.9925277116584897,0.5706462041555983,0.9361155883838539,True
2023-07-05 00:00:00+05:30,766.8499755859375,794.0499877929688,759.5499877929688,781.2000122070312,202053,0.0,0.0,170432610304,0.268,0.495,0.08401,0.31329,329.777,0.1690323428012137,,,210281.84,0.9608675670709368,0.5195450601933289,0.9560641727431669,True
2023-07-06 00:00:00+05:30,781.0999755859375,791.0,760.5499877929688,767.9000244140625,177231,0.0,0.0,170432610304,0.268,0.495,0.08401,0.31329,329.777,0.17729315682960678,,,192502.16,0.9206701888435953,0.5214971709514373,0.939787109727186,True
2023-07-07 00:00:00+05:30,771.75,788.0,764.9500122070312,781.8499755859375,202076,0.0,0.0,170432610304,0.268,0.495,0.08401,0.31329,329.777,0.20242937135576233,,,191884.64,1.0531119114067702,0.5241663599912175,0.9568596242158465,True
2023-07-10 00:00:00+05:30,781.7999877929688,784.4500122070312,763.3499755859375,770.3499755859375,119072,0.0,0.0,170432610304,0.268,0.495,0.08401,0.31329,329.777,0.18906771895849328,,,189708.76,0.6276568356674725,0.5277734880271522,0.9427854590664063,True
2023-07-11 00:00:00+05:30,773.0,773.2000122070312,752.25,757.6500244140625,170455,0.0,0.0,170432610304,0.268,0.495,0.08401,0.31329,329.777,0.15596260903146053,,,190920.38,0.8928067291716054,0.5265389659875072,0.9272427451374676,True
2023-07-12 00:00:00+05:30,761.3499755859375,807.0,758.6500244140625,779.9000244140625,314541,0.0,0.0,170432610304,0.268,0.495,0.08401,0.31329,329.777,0.17557360342765027,,,193831.0,1.6227590013981252,0.5357124790858443,0.9544731951005149,True
2023-07-13 00:00:00+05:30,782.9000244140625,799.0,775.2000122070312,792.5499877929688,195329,0.0,0.0,170432610304,0.268,0.495,0.08401,0.31329,329.777,0.21986127080094842,,,194621.34,1.0036360863613414,0.5261855368414766,0.9699547319465233,True
2023-07-14 00:00:00+05:30,796.5499877929688,811.0,777.7000122070312,780.2000122070312,236636,0.0,0.0,170432610304,0.268,0.495,0.08401,0.31329,329.777,0.2022530634756059,,,196331.4,1.205288608954044,0.35499643029429634,0.9548403322953896,False
2023-07-17 00:00:00+05:30,784.0,804.0,783.25,797.2000122070312,203312,0.0,0.0,170432610304,0.268,0.495,0.08401,0.31329,329.777,0.23447726703495597,,,197895.7,1.0273694678560474,0.2553913093399986,0.9756456199076055,False
2023-07-18 00:00:00+05:30,799.9000244140625,833.0999755859375,786.0,795.5,175291,0.0,0.0,170432610304,0.268,0.495,0.08401,0.31329,329.777,0.20873940826312665,,,198859.9,0.881479876033328,0.24619800628100175,0.9735650762069252,False
2023-07-19 00:00:00+05:30,787.5499877929688,820.0,787.0999755859375,804.5,249006,0.0,0.0,170432610304,0.268,0.495,0.08401,0.31329,329.777,0.20774633175170631,,,201283.96,1.2370881415488846,0.24757470338957477,0.9845796402369219,False
2023-07-20 00:00:00+05:30,800.0999755859375,811.9000244140625,790.5499877929688,800.1500244140625,210619,0.0,0.0,170432610304,0.268,0.495,0.08401,0.31329,329.777,0.19552866087995024,,,203236.68,1.0363237580932734,0.2494413000792704,0.9792559641680073,False
2023-07-21 00:00:00+05:30,803.0999755859375,810.0,790.4500122070312,803.0499877929688,230941,0.0,0.0,170432610304,0.268,0.495,0.08401,0.31329,329.777,0.22381723698642575,,,207793.56,1.111396330088382,0.23764171026924286,0.9828050566481861,False
2023-07-24 00:00:00+05:30,804.9000244140625,813.4000244140625,796.0999755859375,800.6500244140625,121955,0.0,0.0,170432610304,0.268,0.495,0.08401,0.31329,329.777,0.18913305969120975,,,208737.12,0.5842516175369288,0.23529626866081066,0.9798678843918961,False
2023-07-25 00:00:00+05:30,804.7000122070312,811.0,797.0,800.3499755859375,162331,0.0,0.0,170432610304,0.268,0.495,0.08401,0.31329,329.777,0.17596615481883537,,,210007.08,0.7729787014799692,0.2309374717870948,0.9795006724997285,False
2023-07-26 00:00:00+05:30,804.4000244140625,813.0,801.2999877929688,810.75,149156,0.0,0.0,170432610304,0.268,0.495,0.08401,0.31329,329.777,0.20557325394274795,,,209695.94,0.7112965563377145,0.22511555477892212,0.9922286430355307,False
2023-07-27 00:00:00+05:30,814.8499755859375,814.8499755859375,789.9500122070312,794.4000244140625,178235,0.0,0.0,170432610304,0.268,0.495,0.08401,0.31329,329.777,0.20025378288192042,,,208292.4,0.8556961271750674,0.2399300054854529,0.9722188815932873,False
2023-07-28 00:00:00+05:30,798.4000244140625,798.4000244140625,764.0499877929688,770.5999755859375,77082,0.0,0.0,170432610304,0.268,0.495,0.08401,0.31329,329.777,0.1317035488520777,,,202642.6,0.38038398638785725,0.26530462117702314,0.9430914191783507,False
2023-07-31 00:00:00+05:30,766.0,782.0,760.7000122070312,777.6500244140625,65236,0.0,0.0,170432610304,0.268,0.495,0.08401,0.31329,329.777,0.1460373930937784,,,197931.22,0.3295892381201914,0.26293445161787565,0.9517195540930158,False
2023-08-01 00:00:00+05:30,784.0499877929688,815.9500122070312,783.0,795.4000244140625,136803,0.0,0.0,170432610304,0.268,0.495,0.08401,0.31329,329.777,0.17506246205591847,,,198167.24,0.6903411482140035,0.2720237540176116,0.9734427220410646,False
2023-08-02 00:00:00+05:30,799.0,801.0999755859375,785.0999755859375,790.8499755859375,133431,0.0,0.0,170432610304,0.268,0.495,0.08401,0.31329,329.777,0.17358865199150175,,,192655.46,0.6925887280848412,0.26348919544248584,0.9678741882458431,False
2023-08-03 00:00:00+05:30,781.0,794.8499755859375,767.5499877929688,772.0999755859375,139416,0.0,0.0,170432610304,0.268,0.495,0.08401,0.31329,329.777,0.1435973313591874,,,193842.48,0.7192231548007433,0.27044381056134953,0.9449271798500168,False
2023-08-04 00:00:00+05:30,775.9000244140625,795.9500122070312,773.4000244140625,783.5499877929688,106107,0.0,0.0,170432610304,0.268,0.495,0.08401,0.31329,329.777,0.1837759308933682,,,194688.3,0.5450096384836686,0.2677845959975368,0.9589401679165267,False
2023-08-07 00:00:00+05:30,790.0999755859375,795.2000122070312,770.75,775.7000122070312,137868,0.0,0.0,170432610304,0.268,0.495,0.08401,0.31329,329.777,0.19288449995377355,,,195417.2,0.7055059636511013,0.2648121110236595,0.9493330502803913,False
2023-08-08 00:00:00+05:30,779.5999755859375,787.2000122070312,760.9500122070312,775.4500122070312,139936,0.0,0.0,170432610304,0.268,0.495,0.08401,0.31329,329.777,0.1911138499131484,,,193368.76,0.7236742894767489,0.2571842235485429,0.9490270901684469,False
2023-08-09 00:00:00+05:30,773.5,797.4500122070312,765.0999755859375,788.4000244140625,147313,0.0,0.0,170432610304,0.268,0.495,0.08401,0.31329,329.777,0.17143292187183024,,,192060.08,0.7670151964947636,0.24234284237388665,0.9648758389066229,False
2023-08-10 00:00:00+05:30,796.0,796.0,775.0999755859375,778.25,98157,0.0,0.0,170432610304,0.268,0.495,0.08401,0.31329,329.777,0.17669367560445282,,,188478.8,0.5207853615366821,0.23954485566661618,0.952453828482765,False
2023-08-11 00:00:00+05:30,776.7000122070312,794.4000244140625,774.75,789.8499755859375,95002,0.0,0.0,170432610304,0.268,0.495,0.08401,0.31329,329.777,0.19303808467122052,,,185918.34,0.5109877809795419,0.23903899591578834,0.9666503477980657,True
2023-08-14 00:00:00+05:30,784.5499877929688,785.3499755859375,758.0999755859375,761.8499755859375,109533,0.0,0.0,170432610304,0.268,0.495,0.08401,0.31329,329.777,0.16036094023989866,,,184485.58,0.5937212003236243,0.2577501086775611,0.9323828152602984,True
2023-08-16 00:00:00+05:30,762.0,798.0,755.4500122070312,786.0999755859375,153592,0.0,0.0,170432610304,0.268,0.495,0.08401,0.31329,329.777,0.1838218472234312,,,183795.9,0.8356660839550828,0.28456089129839607,0.9620609461189005,False
2023-08-17 00:00:00+05:30,783.0,790.2000122070312,761.3499755859375,765.75,99833,0.0,0.0,170432610304,0.268,0.495,0.08401,0.31329,329.777,0.13236753624988307,,,179708.82,0.5555264343731153,0.2946398972110094,0.9371558228855474,False
2023-08-18 00:00:00+05:30,766.0,769.9500122070312,741.9500122070312,746.5,141281,0.0,0.0,170432610304,0.268,0.495,0.08401,0.31329,329.777,0.14714587967863624,,,176638.4,0.799831746664372,0.30552265592060207,0.9135968942658325,False
2023-08-21 00:00:00+05:30,750.25,839.7999877929688,746.0999755859375,760.2000122070312,1357512,0.0,0.0,170432610304,0.268,0.495,0.08401,0.31329,329.777,0.17075138033158033,,,200146.3,6.7825985291759086,0.31428897260553273,0.9303635233398415,True
2023-08-22 00:00:00+05:30,800.0,818.7999877929688,775.0,776.5,976205,0.0,0.0,170432610304,0.268,0.495,0.08401,0.31329,329.777,0.2160493738655851,,,215638.24,4.527049562266878,0.3255983307852749,0.9503121076991545,True
2023-08-23 00:00:00+05:30,788.1500244140625,794.9500122070312,777.0499877929688,783.4500122070312,189670,0.0,0.0,170432610304,0.268,0.495,0.08401,0.31329,329.777,0.21657095381633829,,,215413.96,0.8804907537097411,0.32763724901798597,0.9588178137506661,True
2023-08-24 00:00:00+05:30,787.4000244140625,804.4500122070312,783.0499877929688,789.7999877929688,229601,0.0,0.0,170432610304,0.268,0.495,0.08401,0.31329,329.777,0.2292300870277919,,,216091.78,1.0625161216220256,0.32534614642084275,0.9665891707151355,True
2023-08-25 00:00:00+05:30,786.25,799.9000244140625,786.25,790.4000244140625,152835,0.0,0.0,170432610304,0.268,0.495,0.08401,0.31329,329.777,0.23717629592689238,,,215042.62,0.7107195773563398,0.3174718641977811,0.9673235198021777,True
2023-08-28 00:00:00+05:30,792.2999877929688,810.0,792.2999877929688,800.2999877929688,162145,0.0,0.0,170432610304,0.268,0.495,0.08401,0.31329,329.777,0.2549017975219543,,,209684.16,0.7732820638430676,0.29972764603633895,0.9794394954167982,True
2023-08-29 00:00:00+05:30,800.3499755859375,809.4000244140625,791.2000122070312,802.2000122070312,165813,0.0,0.0,170432610304,0.268,0.495,0.08401,0.31329,329.777,0.22721001529618778,,,207074.26,0.8007417242490689,0.2985657978423134,0.9817648221464924,True
2023-08-30 00:00:00+05:30,805.4500122070312,811.7000122070312,801.0,804.7999877929688,113395,0.0,0.0,170432610304,0.268,0.495,0.08401,0.31329,329.777,0.19883342826711226,,,204999.3,0.5531482302622497,0.2881182879953093,0.9849467774317965,True
2023-08-31 00:00:00+05:30,804.7999877929688,813.0,794.7999877929688,799.7000122070312,172749,0.0,0.0,170432610304,0.268,0.495,0.08401,0.31329,329.777,0.1644109472510742,,,206638.1,0.8359978145366223,0.28831001452723776,0.9787052210270489,True
2023-09-01 00:00:00+05:30,799.7000122070312,811.0,775.1500244140625,806.25,143443,0.0,0.0,170432610304,0.268,0.495,0.08401,0.31329,329.777,0.1757293280543475,,,205060.32,0.6995161228657012,0.27436887109656477,0.9867213610205323,True
2023-09-04 00:00:00+05:30,806.25,823.0,804.9500122070312,811.9000244140625,214143,0.0,0.0,170432610304,0.268,0.495,0.08401,0.31329,329.777,0.19994140189648224,,,205278.3,1.0431838143632328,0.2710189584206681,0.9936360894293919,True
2023-09-05 00:00:00+05:30,816.0,822.8499755859375,810.0,813.4000244140625,183620,0.0,0.0,170432610304,0.268,0.495,0.08401,0.31329,329.777,0.19323367115851697,,,205380.5,0.8940478769892954,0.2673355624204768,0.995471850101058,True
2023-09-06 00:00:00+05:30,817.5499877929688,819.0,804.7000122070312,809.75,156677,0.0,0.0,170432610304,0.268,0.495,0.08401,0.31329,329.777,0.18647967303211632,,,204097.22,0.7676586677662733,0.26832802873920686,0.9910048025877533,True
2023-09-07 00:00:00+05:30,813.7999877929688,817.0,804.0999755859375,811.0499877929688,180259,0.0,0.0,170432610304,0.268,0.495,0.08401,0.31329,329.777,0.17753130928311567,,,203003.84,0.8879585726063113,0.2628804390317657,0.9925957802304053,True
2023-09-08 00:00:00+05:30,811.0499877929688,821.2999877929688,806.25,809.7999877929688,165406,0.0,0.0,170432610304,0.268,0.495,0.08401,0.31329,329.777,0.17523232467462413,,,202718.0,0.8159413569589282,0.2576601474929262,0.9910659796706836,True
2023-09-11 00:00:00+05:30,813.8499755859375,821.1500244140625,807.2000122070312,812.0999755859375,168142,0.0,0.0,170432610304,0.268,0.495,0.08401,0.31329,329.777,0.17542369931646618,,,202827.64,0.828989579526735,0.25323785146922,0.9938807977611129,True
2023-09-12 00:00:00+05:30,816.2000122070312,817.0,771.0,785.4000244140625,155579,0.0,0.0,170432610304,0.268,0.495,0.08401,0.31329,329.777,0.13950867388066546,,,203424.68,0.7647990401164697,0.24837664062822676,0.9612043175632906,True
2023-09-13 00:00:00+05:30,792.9500122070312,798.0,775.0,778.3499755859375,166710,0.0,0.0,170432610304,0.268,0.495,0.08401,0.31329,329.777,0.12005697738953591,,,202654.66,0.822630972315169,0.22359071562545146,0.9525761826486255,True
2023-09-14 00:00:00+05:30,773.0,790.3499755859375,770.0,772.5499877929688,208913,0.0,0.0,170432610304,0.268,0.495,0.08401,0.31329,329.777,0.11802643382551681,,,202791.86,1.0301843476360442,0.2044780935951195,0.9454779229909752,True
2023-09-15 00:00:00+05:30,773.8499755859375,808.7999877929688,743.4500122070312,767.9500122070312,1503215,0.0,0.0,170432610304,0.268,0.495,0.08401,0.31329,329.777,0.10494095169646966,,,229311.54,6.555339517583807,0.1827300694716747,0.9398482868101163,True
2023-09-18 00:00:00+05:30,754.1500244140625,786.0999755859375,754.0499877929688,778.9500122070312,98901,0.0,0.0,170432610304,0.268,0.495,0.08401,0.31329,329.777,0.12229541613244188,,,227248.04,0.4352116744329236,0.17830270605439394,0.9533105317356678,False
2023-09-20 00:00:00+05:30,782.5499877929688,785.2000122070312,765.0,770.9500122070312,129289,0.0,0.0,170432610304,0.268,0.495,0.08401,0.31329,329.777,0.12728466835126895,,,227452.38,0.5684222781049818,0.16583855745433673,0.9435198081534486,False
2023-09-21 00:00:00+05:30,769.0,812.0,765.3499755859375,798.2999877929688,369397,0.0,0.0,170432610304,0.268,0.495,0.08401,0.31329,329.777,0.16510038357589663,,,231431.22,1.5961416095892336,0.20707677866042498,0.9769918145212434,False
2023-09-22 00:00:00+05:30,791.5,796.5499877929688,770.0,772.8499755859375,145289,0.0,0.0,170432610304,0.268,0.495,0.08401,0.31329,329.777,0.13975789636178448,,,228046.18,0.6371034147557306,0.23560803761054466,0.9458450601858499,False
2023-09-25 00:00:00+05:30,790.0,813.9000244140625,760.0,764.1500244140625,260748,0.0,0.0,170432610304,0.268,0.495,0.08401,0.31329,329.777,0.1112705452416487,,,229354.56,1.1368773308889084,0.23827775701736836,0.9351977080480208,False
2023-09-26 00:00:00+05:30,785.0,815.0,760.0,763.7000122070312,387470,0.0,0.0,170432610304,0.268,0.495,0.08401,0.31329,329.777,0.10174997624791349,,,232371.24,1.6674610851153526,0.23245736263627043,0.9346469649070623,False
2023-09-27 00:00:00+05:30,785.0,795.0,765.3499755859375,789.4500122070312,191173,0.0,0.0,170432610304,0.268,0.495,0.08401,0.31329,329.777,0.14193687539044997,,,232128.46,0.8235655378060924,0.2650424088373285,0.9661608564373305,False
2023-09-28 00:00:00+05:30,788.0499877929688,801.8499755859375,765.0,778.2999877929688,245467,0.0,0.0,170432610304,0.268,0.495,0.08401,0.31329,329.777,0.1263477749634052,,,233531.98,1.0511065764954333,0.26878608441268353,0.9525150055656953,False
2023-09-29 00:00:00+05:30,800.0,810.0,774.25,796.9500122070312,265748,0.0,0.0,170432610304,0.268,0.495,0.08401,0.31329,329.777,0.158571669537535,,,233866.82,1.1363219459690777,0.2827640255180092,0.9753396597956611,False
2023-10-03 00:00:00+05:30,800.0,808.5,775.5,783.0999755859375,221498,0.0,0.0,170432610304,0.268,0.495,0.08401,0.31329,329.777,0.12597277353039749,,,234084.4,0.9462313592875049,0.2874423325745054,0.9583894247755682,False
2023-10-04 00:00:00+05:30,795.0,807.3499755859375,771.5499877929688,784.0,395880,0.0,0.0,170432610304,0.268,0.495,0.08401,0.31329,329.777,0.1391972335143714,,,237383.18,1.6676834474961537,0.2859448068510451,0.9594909110574851,False
2023-10-05 00:00:00+05:30,798.0,803.7999877929688,778.5499877929688,785.2000122070312,240109,0.0,0.0,170432610304,0.268,0.495,0.08401,0.31329,329.777,0.13431482306547893,,,239746.26,1.0015130163031531,0.28589644057745417,0.9609595345342765,False
2023-10-06 00:00:00+05:30,792.4500122070312,799.9000244140625,781.9500122070312,784.5499877929688,189253,0.0,0.0,170432610304,0.268,0.495,0.08401,0.31329,329.777,0.13570359050633085,,,240284.7,0.7876198526165004,0.2857028416733205,0.960164008364304,False
2023-10-09 00:00:00+05:30,794.0,802.0,767.9500122070312,775.4500122070312,255775,0.0,0.0,170432610304,0.268,0.495,0.08401,0.31329,329.777,0.11717654900309027,,,242417.08,1.0551030480195538,0.2876823784598252,0.9490270901684469,False
2023-10-10 00:00:00+05:30,779.0,783.8499755859375,761.75,770.5499877929688,201777,0.0,0.0,170432610304,0.268,0.495,0.08401,0.31329,329.777,0.11322709286304766,,,242887.92,0.83074119124574,0.2880619321831053,0.9430302420954204,False
2023-10-11 00:00:00+05:30,773.7999877929688,783.7999877929688,763.9500122070312,773.4500122070312,167888,0.0,0.0,170432610304,0.268,0.495,0.08401,0.31329,329.777,0.10817887844527263,,,244704.04,0.6860859346662196,0.28830009101921045,0.9465794092728921,False
2023-10-12 00:00:00+05:30,777.3499755859375,780.0,764.75,768.3499755859375,164822,0.0,0.0,170432610304,0.268,0.495,0.08401,0.31329,329.777,0.10386379854519823,,,246695.76,0.6681184954293499,0.2654953797194592,0.9403377781708515,False
2023-10-13 00:00:00+05:30,765.0,774.7000122070312,754.5999755859375,760.9500122070312,190587,0.0,0.0,170432610304,0.268,0.495,0.08401,0.31329,329.777,0.10123906790521042,,,247771.44,0.7692048768816938,0.2657673950813162,0.9312814036756745,False
2023-10-16 00:00:00+05:30,767.0,767.0,753.0499877929688,756.75,224424,0.0,0.0,170432610304,0.268,0.495,0.08401,0.31329,329.777,0.09666210674670617,,,249591.3,0.8991659565056955,0.2652330151095152,0.9261412588555509,False
2023-10-17 00:00:00+05:30,764.4500122070312,768.9500122070312,753.6500244140625,762.0,160841,0.0,0.0,170432610304,0.268,0.495,0.08401,0.31329,329.777,0.10434597003674217,,,250019.8,0.6433130496064712,0.2659221454307962,0.9325664212063822,False
2023-10-18 00:00:00+05:30,765.5999755859375,765.5999755859375,750.0,755.25,131662,0.0,0.0,170432610304,0.268,0.495,0.08401,0.31329,329.777,0.09900792769684696,,,250530.9,0.5255319802866633,0.2617632965865564,0.9243054981838847,False
2023-10-19 00:00:00+05:30,750.0,759.3499755859375,744.3499755859375,749.7000122070312,151491,0.0,0.0,170432610304,0.268,0.495,0.08401,0.31329,329.777,0.08674333596840733,,,250803.36,0.604023008304195,0.26065556914295734,0.9175131986381787,False
2023-10-20 00:00:00+05:30,746.7000122070312,760.0,743.75,755.0,123285,0.0,0.0,170432610304,0.268,0.495,0.08401,0.31329,329.777,0.103886275954435,,,250470.34,0.4922139683285454,0.22454516908673708,0.9239995380719404,False
2023-10-23 00:00:00+05:30,755.0,759.7999877929688,734.3499755859375,739.0,82304,0.0,0.0,170432610304,0.268,0.495,0.08401,0.31329,329.777,0.0685955166699308,,,249170.16,0.3303124258538823,0.20876750756519644,0.9044180909075019,False
2023-10-25 00:00:00+05:30,742.4000244140625,759.0,732.0999755859375,752.1500244140625,130229,0.0,0.0,170432610304,0.268,0.495,0.08401,0.31329,329.777,0.08775928257045784,,,249811.6,0.5213088583556568,0.21726498500884497,0.920511622674692,False
2023-10-26 00:00:00+05:30,745.1500244140625,767.9000244140625,735.5999755859375,763.5999755859375,123173,0.0,0.0,170432610304,0.268,0.495,0.08401,0.31329,329.777,0.09399186092053502,,,250375.02,0.49195402959927875,0.22450395638236803,0.9345245360439088,False
2023-10-27 00:00:00+05:30,767.4500122070312,777.0,761.5999755859375,766.7999877929688,100388,0.0,0.0,170432610304,0.268,0.495,0.08401,0.31329,329.777,0.11451093880877905,,,250192.12,0.40124365227809733,0.18720885004920154,0.9384408404162552,False
2023-10-30 00:00:00+05:30,765.0,768.0,755.8499755859375,758.0999755859375,163012,0.0,0.0,170432610304,0.268,0.495,0.08401,0.31329,329.777,0.08186035549014048,,,250380.52,0.6510570391019238,0.1849485063289957,0.9277934135811331,False
2023-10-31 00:00:00+05:30,762.0999755859375,769.9500122070312,758.0499877929688,761.0,114688,0.0,0.0,170432610304,0.268,0.495,0.08401,0.31329,329.777,0.05205698421487237,,,250677.62,0.45751192308272276,0.1607727785958655,0.9313425807586048,False
2023-11-01 00:00:00+05:30,764.7999877929688,770.0,750.5,764.8499755859375,184257,0.0,0.0,170432610304,0.268,0.495,0.08401,0.31329,329.777,0.06940621266427716,,,251537.14,0.732524032037575,0.15228508885115657,0.9360543366036306,False
2023-11-02 00:00:00+05:30,769.9000244140625,778.0499877929688,757.5999755859375,765.9500122070312,229302,0.0,0.0,170432610304,0.268,0.495,0.08401,0.31329,329.777,0.06230369603376262,,,228972.94,1.0014371130492536,0.1523460022681989,0.9374006059145615,False
2023-11-03 00:00:00+05:30,765.9500122070312,774.7000122070312,755.0499877929688,759.0,107664,0.0,0.0,170432610304,0.268,0.495,0.08401,0.31329,329.777,0.08548924746012676,,,211602.12,0.5088039760660243,0.15453334595544493,0.92889489986305,False
2023-11-06 00:00:00+05:30,757.0,762.7999877929688,742.3499755859375,748.7000122070312,126882,0.0,0.0,170432610304,0.268,0.495,0.08401,0.31329,329.777,0.055832404748547004,,,210346.36,0.6032051136991389,0.1601513422041577,0.9162893581904014,False
2023-11-07 00:00:00+05:30,750.0,770.0999755859375,745.2999877929688,761.75,204320,0.0,0.0,170432610304,0.268,0.495,0.08401,0.31329,329.777,0.07502450145630557,,,209840.74,0.9736908095158262,0.17057606252432167,0.9322604610944378,False
2023-11-08 00:00:00+05:30,762.0499877929688,783.5,755.4000244140625,762.9500122070312,236567,0.0,0.0,170432610304,0.268,0.495,0.08401,0.31329,329.777,0.09261649709201958,,,211515.38,1.118438763176465,0.1695088938917324,0.9337290845712293,False
2023-11-09 00:00:00+05:30,762.0,765.5999755859375,751.25,754.2999877929688,88264,0.0,0.0,170432610304,0.268,0.495,0.08401,0.31329,329.777,0.06436851954308409,,,210037.76,0.4202292006922945,0.1729804883888188,0.9231428348190376,False
2023-11-10 00:00:00+05:30,754.2999877929688,765.0,745.0,762.1500244140625,118267,0.0,0.0,170432610304,0.268,0.495,0.08401,0.31329,329.777,0.0867598244762049,,,209086.84,0.5656357903730336,0.1764367419560063,0.932750027152466,False
2023-11-13 00:00:00+05:30,765.5,770.0,753.4000244140625,755.5499877929688,86749,0.0,0.0,170432610304,0.268,0.495,0.08401,0.31329,329.777,0.05976694243247782,,,208553.92,0.4159547804232114,0.17579138126573796,0.9246726353787593,False
2023-11-15 00:00:00+05:30,759.3499755859375,768.5,747.0499877929688,751.9500122070312,90530,0.0,0.0,170432610304,0.268,0.495,0.08401,0.31329,329.777,0.06289692721438067,,,206909.54,0.4375341997280551,0.17551424117760606,0.9202668396456779,False
2023-11-16 00:00:00+05:30,755.7000122070312,774.0,751.5499877929688,771.3499755859375,142335,0.0,0.0,170432610304,0.268,0.495,0.08401,0.31329,329.777,0.07842312869732537,,,206887.38,0.687982998286314,0.19720354607408136,0.9440092995141838,False
2023-11-17 00:00:00+05:30,760.0,784.9500122070312,756.25,759.4500122070312,117766,0.0,0.0,170432610304,0.268,0.495,0.08401,0.31329,329.777,0.08473876336686681,,,204959.84,0.574580854473735,0.20272054103126053,0.9294456430040084,False
2023-11-20 00:00:00+05:30,763.4000244140625,763.4000244140625,750.0,750.9500122070312,83036,0.0,0.0,170432610304,0.268,0.495,0.08401,0.31329,329.777,0.05296559708657811,,,202948.16,0.4091488190875936,0.2051028951603114,0.9190429991979004,False
2023-11-21 00:00:00+05:30,754.75,760.7999877929688,751.0999755859375,751.7999877929688,111839,0.0,0.0,170432610304,0.268,0.495,0.08401,0.31329,329.777,0.0704133958239117,0.5961079945534677,,202051.4,0.5535175702816214,0.20352771634279312,0.9200832336995941,False
2023-11-22 00:00:00+05:30,750.0,764.7000122070312,748.5999755859375,757.25,145053,0.0,0.0,170432610304,0.268,0.495,0.08401,0.31329,329.777,0.0806473823742273,0.6234913221458305,,201347.28,0.7204120164921026,0.1890212204170119,0.9267531790794395,False
2023-11-23 00:00:00+05:30,759.0,759.0,749.5,750.5,132133,0.0,0.0,170432610304,0.268,0.495,0.08401,0.31329,329.777,0.07347805912680005,0.5075197653523766,,200681.82,0.6584203790856591,0.18172070425245684,0.9184922560569421,False
2023-11-24 00:00:00+05:30,753.8499755859375,753.8499755859375,744.0499877929688,745.9500122070312,120652,0.0,0.0,170432610304,0.268,0.495,0.08401,0.31329,329.777,0.0681261785386924,0.5111575058376367,,199732.02,0.6040693925791167,0.17351906986559923,0.9129237969590135,False
2023-11-28 00:00:00+05:30,745.9500122070312,755.4500122070312,738.1500244140625,750.9500122070312,149228,0.0,0.0,170432610304,0.268,0.495,0.08401,0.31329,329.777,0.06233559076115269,0.5252323368373555,,199605.0,0.7476165426717768,0.17476199737516704,0.9190429991979004,False
2023-11-29 00:00:00+05:30,750.1500244140625,755.0,736.25,739.4500122070312,1104833,0.0,0.0,170432610304,0.268,0.495,0.08401,0.31329,329.777,0.04915574094597952,0.5148259184464767,,218367.46,5.059512987878322,0.1784112126798606,0.9049688340484603,False
2023-11-30 00:00:00+05:30,742.9000244140625,749.0,733.0,746.8499755859375,80833,0.0,0.0,170432610304,0.268,0.495,0.08401,0.31329,329.777,0.053504547333786956,0.5288004022031216,,215805.86,0.374563508145701,0.18202667037346953,0.9140252085436373,False
2023-12-01 00:00:00+05:30,750.5999755859375,750.5999755859375,735.0999755859375,742.4000244140625,104115,0.0,0.0,170432610304,0.268,0.495,0.08401,0.31329,329.777,0.046529257821362746,0.48941000186796435,,187823.86,0.5543225445372063,0.18146256097646438,0.9085791783088623,False
2023-12-04 00:00:00+05:30,746.1500244140625,820.8499755859375,744.9500122070312,754.4000244140625,364951,0.0,0.0,170432610304,0.268,0.495,0.08401,0.31329,329.777,0.07483912966839634,0.5602673491061412,,193144.86,1.8895196072005231,0.1917809576103182,0.9232652636821911,True
2023-12-05 00:00:00+05:30,754.4000244140625,757.3499755859375,748.0,753.5499877929688,101231,0.0,0.0,170432610304,0.268,0.495,0.08401,0.31329,329.777,0.07211097218062457,0.5474592504748321,,192583.7,0.5256467707287792,0.18923117954188237,0.9222249544832045,True
2023-12-06 00:00:00+05:30,757.75,757.7999877929688,741.0999755859375,748.2999877929688,96237,0.0,0.0,170432610304,0.268,0.495,0.08401,0.31329,329.777,0.06256804015661688,0.5296952268528914,,187120.5,0.5143049532253281,0.18447797264256857,0.9157997921323732,True
2023-12-07 00:00:00+05:30,751.8499755859375,788.4000244140625,742.5499877929688,777.9500122070312,183627,0.0,0.0,170432610304,0.268,0.495,0.08401,0.31329,329.777,0.0987669625088845,0.5669753957998298,,187887.26,0.9773254450567856,0.22467139072758163,0.9520866912878904,True
2023-12-08 00:00:00+05:30,773.7000122070312,773.7000122070312,760.1500244140625,763.7000122070312,108991,0.0,0.0,170432610304,0.268,0.495,0.08401,0.31329,329.777,0.08073404289592534,0.5782667606460967,,184852.12,0.5896118475676665,0.2350259003533687,0.9346469649070623,True
2023-12-11 00:00:00+05:30,767.5,770.7999877929688,760.25,764.0,137220,0.0,0.0,170432610304,0.268,0.495,0.08401,0.31329,329.777,0.07475648271112467,0.5858619905688578,,179847.12,0.7629813588341031,0.2310752194927916,0.935014102101937,True
2023-12-12 00:00:00+05:30,780.0,798.0,757.0999755859375,760.0,243152,0.0,0.0,170432610304,0.268,0.495,0.08401,0.31329,329.777,0.06129156888814302,0.6057775721883798,,180886.7,1.3442226542913325,0.2290569226223988,0.9301187403108274,True
2023-12-13 00:00:00+05:30,763.9000244140625,769.6500244140625,757.9000244140625,763.7000122070312,142546,0.0,0.0,170432610304,0.268,0.495,0.08401,0.31329,329.777,0.05221208255221321,0.5352013095353998,,178828.28,0.7971110609574728,0.22733463170844617,0.9346469649070623,True
2023-12-14 00:00:00+05:30,767.2000122070312,767.5499877929688,759.0499877929688,762.0999755859375,139338,0.0,0.0,170432610304,0.268,0.495,0.08401,0.31329,329.777,0.0471417518203856,0.5714274657229226,,176300.08,0.7903456424977232,0.22669053355230118,0.9326887753722427,True
2023-12-15 00:00:00+05:30,764.9000244140625,766.2000122070312,760.5499877929688,761.9500122070312,144544,0.0,0.0,170432610304,0.268,0.495,0.08401,0.31329,329.777,0.06669174796084887,0.576499232352877,,174761.0,0.8270952901391042,0.2064976985156799,0.9325052441234519,True
2023-12-18 00:00:00+05:30,764.9000244140625,768.9000244140625,758.25,763.9000244140625,45670,0.0,0.0,170432610304,0.268,0.495,0.08401,0.31329,329.777,0.06469845885159708,0.5754463386029316,,167756.8,0.27223933694491076,0.19902611161226758,0.9348917479360764,True
2023-12-19 00:00:00+05:30,766.8499755859375,791.0,761.5499877929688,784.5999755859375,159650,0.0,0.0,170432610304,0.268,0.495,0.08401,0.31329,329.777,0.09890995372483768,0.6318260568436511,,166147.62,0.9608924882583332,0.2152787208539034,0.9602251854472343,True
2023-12-20 00:00:00+05:30,784.5999755859375,784.5999755859375,760.0499877929688,773.9500122070312,59087,0.0,0.0,170432610304,0.268,0.495,0.08401,0.31329,329.777,0.0838500121630148,0.6185922173297933,,163544.3,0.36129048826525906,0.2225259388364009,0.9471913294967808,True
2023-12-21 00:00:00+05:30,765.5,776.4500122070312,765.25,775.1500244140625,66354,0.0,0.0,170432610304,0.268,0.495,0.08401,0.31329,329.777,0.10099015840661973,0.6201403188191961,,159755.88,0.41534621448675313,0.2215055675642804,0.9486599529735722,True
2023-12-22 00:00:00+05:30,773.0,775.5999755859375,766.0999755859375,770.2000122070312,110590,0.0,0.0,170432610304,0.268,0.495,0.08401,0.31329,329.777,0.08723995197827694,0.6067764458172356,,157932.14,0.7002374564164077,0.2201431142709827,0.9426019278176155,True
2023-12-26 00:00:00+05:30,774.0999755859375,774.0999755859375,763.9000244140625,766.8499755859375,51902,0.0,0.0,170432610304,0.268,0.495,0.08401,0.31329,329.777,0.0846109208765029,0.5886584780739104,,155612.42,0.3335337886268975,0.21945720913042335,0.9385020174991854,True
2023-12-27 00:00:00+05:30,768.0499877929688,794.5,765.0499877929688,777.2000122070312,161060,0.0,0.0,170432610304,0.268,0.495,0.08401,0.31329,329.777,0.09595059323185606,0.5880057700564896,,155537.18,1.0355080373708718,0.2229028986405153,0.9511688109520573,True
2023-12-28 00:00:00+05:30,773.0999755859375,780.0,767.75,771.5499877929688,50213,0.0,0.0,170432610304,0.268,0.495,0.08401,0.31329,329.777,0.08841894159742725,0.5801261780954512,,152729.7,0.3287703701375698,0.21644087345599514,0.9442540825431979,True
2023-12-29 00:00:00+05:30,766.5,775.7999877929688,765.0999755859375,769.6500244140625,39669,0.0,0.0,170432610304,0.268,0.495,0.08401,0.31329,329.777,0.09149181516125848,0.5999460507554291,,149034.6,0.2661730900072869,0.21500720713786167,0.9419288305107966,True
2024-01-01 00:00:00+05:30,191.1999969482422,196.25,191.1999969482422,193.72500610351562,159768,0.0,0.0,170432610304,0.268,0.495,0.08401,0.31329,329.777,-0.7295111081871029,-0.5889187630976682,,149013.14,1.0721739035899787,2.671755329482163,0.23708849821540698,True
2024-01-02 00:00:00+05:30,194.6999969482422,195.28750610351562,192.0749969482422,192.9250030517578,196008,0.0,0.0,170432610304,0.268,0.495,0.08401,0.31329,329.777,-0.7291255273184982,-0.5711628956053088,,150300.06,1.3041112558438102,2.6675157681021564,0.2361094221223204,False
2024-01-03 00:00:00+05:30,192.9250030517578,195.10000610351562,192.3249969482422,193.8625030517578,140060,0.0,0.0,170432610304,0.268,0.495,0.08401,0.31329,329.777,-0.7285842591609897,-0.5659302600652121,,150071.44,0.9332888389689604,2.6686542142133804,0.23725677254211172,False
2024-01-04 00:00:00+05:30,193.8625030517578,193.8625030517578,191.3874969482422,193.1750030517578,141192,0.0,0.0,170432610304,0.268,0.495,0.08401,0.31329,329.777,-0.7358949452464492,-0.6189584350153128,,150429.58,0.9385919976642892,2.669179474564875,0.23641538223426475,False
2024-01-05 00:00:00+05:30,193.1750030517578,198.3625030517578,192.5124969482422,194.08749389648438,498776,0.0,0.0,170432610304,0.268,0.495,0.08401,0.31329,329.777,-0.7354002388939485,-0.6123119884812656,,158759.02,3.141717554064015,2.658908001832084,0.23753212543826768,False
2024-01-08 00:00:00+05:30,195.0,230.0,193.0124969482422,222.4375,16557680,0.0,0.0,170432610304,0.268,0.495,0.08401,0.31329,329.777,-0.6923065492724438,-0.5330525861276457,,487308.04,33.9778510528987,2.7377543134586126,0.2722280096024864,False
2024-01-09 00:00:00+05:30,221.71249389648438,235.0,211.14999389648438,213.2375030517578,7096360,0.0,0.0,170432610304,0.268,0.495,0.08401,0.31329,329.777,-0.7002277368883221,-0.5509834822383022,,626771.78,11.322079625218608,2.735699179250865,0.2609686812177989,False
2024-01-10 00:00:00+05:30,213.4499969482422,217.6999969482422,208.1875,210.33749389648438,1217868,0.0,0.0,170432610304,0.268,0.495,0.08401,0.31329,329.777,-0.7039502994284614,-0.5567810925889045,,649121.38,1.8761791515787078,2.7347876244824434,0.2574195327146505,False
2024-01-11 00:00:00+05:30,211.39999389648438,217.1125030517578,209.5124969482422,211.77499389648438,684576,0.0,0.0,170432610304,0.268,0.495,0.08401,0.31329,329.777,-0.7038785633970501,-0.5721715712440214,,659552.66,1.0379398666969215,2.735148971995536,0.25917880335833055,False
2024-01-12 00:00:00+05:30,212.53750610351562,217.0,210.25,211.53750610351562,543964,0.0,0.0,170432610304,0.268,0.495,0.08401,0.31329,329.777,-0.7029336352484337,-0.5713407221926314,,668138.18,0.8141489534395414,2.7352923684024106,0.258888156191442,False
2024-01-15 00:00:00+05:30,211.75,221.1999969482422,200.8000030517578,203.3000030517578,2273408,0.0,0.0,170432610304,0.268,0.495,0.08401,0.31329,329.777,-0.7142930082714227,-0.5890178820128316,,709921.2,3.20233851306314,2.7327823079432343,0.24880676676801097,False
2024-01-16 00:00:00+05:30,234.9875030517578,243.9499969482422,218.08749389648438,239.5,17235468,0.0,0.0,170432610304,0.268,0.495,0.08401,0.31329,329.777,-0.6629489969988129,-0.5066392700867128,,1050044.52,16.414035473467354,2.8330005246441314,0.2931097872426884,False
2024-01-17 00:00:00+05:30,252.75,262.25,245.5,247.125,20254440,0.0,0.0,170432610304,0.268,0.495,0.08401,0.31329,329.777,-0.6544949450774504,-0.4931050373683451,,1452980.04,13.939929966278132,2.834208784633401,0.30244157065699107,False
2024-01-18 00:00:00+05:30,246.75,254.0749969482422,236.27499389648438,238.5,6871400,0.0,0.0,170432610304,0.268,0.495,0.08401,0.31329,329.777,-0.6642221937699195,-0.5056165872412348,,1587870.4,4.327431256354423,2.834091434615195,0.291885946794911,False
2024-01-19 00:00:00+05:30,240.9250030517578,248.72500610351562,238.7624969482422,245.4875030517578,2297528,0.0,0.0,170432610304,0.268,0.495,0.08401,0.31329,329.777,-0.6551653768164065,-0.5045861657692009,,1629734.56,1.4097559543684217,2.839368546452097,0.30043753565862025,False
2024-01-23 00:00:00+05:30,247.4250030517578,247.4250030517578,236.25,238.91250610351562,792416,0.0,0.0,170432610304,0.268,0.495,0.08401,0.31329,329.777,-0.6640887836752851,-0.5075616451763725,,1640851.54,0.4829297353738657,2.8385600322037066,0.29239078844934846,False
2024-01-24 00:00:00+05:30,239.75,242.7624969482422,235.02499389648438,238.72500610351562,1366296,0.0,0.0,170432610304,0.268,0.495,0.08401,0.31329,329.777,-0.6676673484212061,-0.51480646601272,,1666412.18,0.8199027925972073,2.838941814783666,0.29216131836539017,False
2024-01-25 00:00:00+05:30,238.72500610351562,247.9875030517578,232.5,235.08749389648438,2844856,0.0,0.0,170432610304,0.268,0.495,0.08401,0.31329,329.777,-0.6712593404998954,-0.5213713326955633,,1720943.96,1.6530788137924026,2.8355503299964355,0.2877095837971413,False
2024-01-29 00:00:00+05:30,245.0,256.2250061035156,240.3874969482422,249.0,3004788,0.0,0.0,170432610304,0.268,0.495,0.08401,0.31329,329.777,-0.6544100580205252,-0.48930864659310513,,1779304.74,1.6887427614001636,2.851398516295118,0.30473627149657373,False
2024-01-30 00:00:00+05:30,247.5,251.375,235.6750030517578,237.0124969482422,2250068,0.0,0.0,170432610304,0.268,0.495,0.08401,0.31329,329.777,-0.6654476161282461,-0.5129024238205386,,1822495.5,1.2346082610354867,2.851535680860623,0.29006548039397745,False
2024-01-31 00:00:00+05:30,236.75,238.97500610351562,235.6750030517578,236.91250610351562,440436,0.0,0.0,170432610304,0.268,0.495,0.08401,0.31329,329.777,-0.6776196503143552,-0.5210225894318745,,1828457.52,0.24087844272149128,0.9195190560151114,0.28994310755379366,False
2024-02-01 00:00:00+05:30,237.9250030517578,242.5,237.5749969482422,241.6999969482422,631036,0.0,0.0,170432610304,0.268,0.495,0.08401,0.31329,329.777,-0.6699793287717846,-0.5229303798642573,,1838722.92,0.343192545835019,0.9180561659255737,0.295802232492934,False
2024-02-02 00:00:00+05:30,244.72500610351562,244.9250030517578,239.0500030517578,241.5625,820816,0.0,0.0,170432610304,0.268,0.495,0.08401,0.31329,329.777,-0.6701670690933552,-0.5276990346301256,,1853478.52,0.4428516387662264,0.9188816243594046,0.2956339581662293,False
2024-02-05 00:00:00+05:30,243.5,244.75,231.7624969482422,232.4375,1477336,0.0,0.0,170432610304,0.268,0.495,0.08401,0.31329,329.777,-0.6766119086622526,-0.5449931553433873,,1880788.46,0.7854875927939285,0.9347252765909261,0.28446641408026047,False
2024-02-06 00:00:00+05:30,234.35000610351562,237.14999389648438,230.58749389648438,231.2375030517578,481064,0.0,0.0,170432610304,0.268,0.495,0.08401,0.31329,329.777,-0.6745552359554808,-0.5497184875342843,,1887508.68,0.25486717231944067,0.9362392235074807,0.2829978092777922,False
2024-02-07 00:00:00+05:30,236.1999969482422,236.9250030517578,229.75,230.08749389648438,1708252,0.0,0.0,170432610304,0.268,0.495,0.08401,0.31329,329.777,-0.6792059530333614,-0.5480871778854168,,1919031.06,0.8901638100636057,0.7875066674487011,0.2815903815582543,False
2024-02-08 00:00:00+05:30,231.28750610351562,233.75,226.5,230.5625,1563612,0.0,0.0,170432610304,0.268,0.495,0.08401,0.31329,329.777,-0.6755052384680901,-0.5438063960571722,,1947890.26,0.8027207857181852,0.7701164648203271,0.2821717132406778,False
2024-02-09 00:00:00+05:30,232.5,234.78750610351562,229.02499389648438,231.1999969482422,614056,0.0,0.0,170432610304,0.268,0.495,0.08401,0.31329,329.777,-0.6749325790609519,-0.5484607595147954,,1957186.82,0.31374419331109127,0.7670721838131135,0.2829519077912713,False
2024-02-12 00:00:00+05:30,233.0,233.0,223.0124969482422,224.97500610351562,410860,0.0,0.0,170432610304,0.268,0.495,0.08401,0.31329,329.777,-0.6848793506275115,-0.5580053784145027,,1943307.36,0.21142306588083934,0.7757628911634724,0.27533351220845087,False
2024-02-13 00:00:00+05:30,226.08749389648438,232.5,223.75,231.6875,558228,0.0,0.0,170432610304,0.268,0.495,0.08401,0.31329,329.777,-0.6740520768879508,-0.5415804581685925,,1952855.26,0.2858522141574384,0.7807748510947367,0.2835485337444274,False
2024-02-14 00:00:00+05:30,230.2375030517578,234.4250030517578,228.5625,232.35000610351562,221168,0.0,0.0,170432610304,0.268,0.495,0.08401,0.31329,329.777,-0.6736845755070126,-0.54575320899095,,1955196.32,0.11311805251351946,0.7630217541584362,0.2843593355108092,False
2024-02-15 00:00:00+05:30,235.0,237.5,233.0,236.8125,266516,0.0,0.0,170432610304,0.268,0.495,0.08401,0.31329,329.777,-0.6670413943026067,-0.5599374511088682,,1953227.62,0.13644902277185697,0.42705434933208,0.2898207160392866,False
2024-02-16 00:00:00+05:30,238.75,241.02499389648438,236.83749389648438,238.10000610351562,386596,0.0,0.0,170432610304,0.268,0.495,0.08401,0.31329,329.777,-0.6648746060095305,-0.5792868271863784,,1958934.92,0.19735009879756496,0.4107393783169424,0.2913964180855293,False
2024-02-19 00:00:00+05:30,241.64999389648438,241.64999389648438,237.8874969482422,238.41250610351562,270848,0.0,0.0,170432610304,0.268,0.495,0.08401,0.31329,329.777,-0.6649700101388554,-0.5658547225372846,,1962427.14,0.1380168437743885,0.3913878758984462,0.29177886822545973,False
2024-02-20 00:00:00+05:30,239.4875030517578,239.6125030517578,236.5,237.3874969482422,137980,0.0,0.0,170432610304,0.268,0.495,0.08401,0.31329,329.777,-0.6660552993983107,-0.5632449785640219,,1961514.2,0.07034361515200858,0.376213828352847,0.2905244205618939,False
2024-02-21 00:00:00+05:30,238.5500030517578,241.96249389648438,237.7375030517578,239.5124969482422,3224672,0.0,0.0,170432610304,0.268,0.495,0.08401,0.31329,329.777,-0.6630435351943433,-0.5709101301865211,,2023827.82,1.5933529365161112,0.36547946538115905,0.2931250815134209,False
2024-02-22 00:00:00+05:30,240.75,241.625,238.02499389648438,239.22500610351562,294764,0.0,0.0,170432610304,0.268,0.495,0.08401,0.31329,329.777,-0.6711073404475635,-0.5633597811686897,,2026978.7,0.1454203736822691,0.3654999519747066,0.2927732385892789,False
2024-02-23 00:00:00+05:30,239.6374969482422,242.6750030517578,239.2375030517578,240.7624969482422,347732,0.0,0.0,170432610304,0.268,0.495,0.08401,0.31329,329.777,-0.6624976610184022,-0.5607052198382273,,2029070.3,0.17137503811474644,0.3613073939620369,0.29465488207314267,False
2024-02-26 00:00:00+05:30,243.0749969482422,257.4750061035156,242.5124969482422,249.77499389648438,4532616,0.0,0.0,170432610304,0.268,0.495,0.08401,0.31329,329.777,-0.6503506777268828,-0.5422860812724457,,2116871.7,2.1411859774024093,0.3212366268669601,0.3056847403738719,False
2024-02-27 00:00:00+05:30,248.0,252.47500610351562,243.75,244.4875030517578,898288,0.0,0.0,170432610304,0.268,0.495,0.08401,0.31329,329.777,-0.6565015986029846,-0.5500254605077364,,2132050.7,0.4213258155633916,0.27867967504064584,0.29921369521084284,False
2024-02-28 00:00:00+05:30,247.125,248.25,241.25,242.875,426132,0.0,0.0,170432610304,0.268,0.495,0.08401,0.31329,329.777,-0.6547864342064775,-0.5576142772492749,,2137682.46,0.19934298380312293,0.2801608646176066,0.2972402487539371,False
2024-02-29 00:00:00+05:30,243.0124969482422,244.16250610351562,238.02499389648438,241.1999969482422,392932,0.0,0.0,170432610304,0.268,0.495,0.08401,0.31329,329.777,-0.6560182647614854,-0.5573091881889842,,2144627.7,0.18321688188583965,0.2724301273107795,0.2951903122690453,False
2024-03-01 00:00:00+05:30,243.22500610351562,248.6374969482422,241.8874969482422,247.41250610351562,723524,0.0,0.0,170432610304,0.268,0.495,0.08401,0.31329,329.777,-0.6464020268870457,-0.5620634389027835,,2155905.18,0.3356010304683251,0.2872764424158196,0.30279343225545635,False
2024-03-04 00:00:00+05:30,246.25,248.4875030517578,240.0,241.03750610351562,730536,0.0,0.0,170432610304,0.268,0.495,0.08401,0.31329,329.777,-0.655881930326425,-0.5685436359244403,,2169334.16,0.3367558642970892,0.26810668378827734,0.2949914494008754,False
2024-03-05 00:00:00+05:30,256.0,289.25,256.0,289.25,2707312,0.0,0.0,170432610304,0.268,0.495,0.08401,0.31329,329.777,-0.5847986939449518,-0.48281264886371655,,2222153.32,1.2183281754834092,0.7507428257085127,0.3539958495196142,True
2024-03-06 00:00:00+05:30,280.0,282.70001220703125,245.0,248.39999389648438,3797289,0.0,0.0,170432610304,0.268,0.495,0.08401,0.31329,329.777,-0.6430265105817957,-0.5547617242503876,,2295887.3,1.6539527005528538,0.9271730029227844,0.30400195975817795,True
2024-03-07 00:00:00+05:30,248.10000610351562,256.3999938964844,237.39999389648438,247.5500030517578,1797056,0.0,0.0,170432610304,0.268,0.495,0.08401,0.31329,329.777,-0.640997741376101,-0.559200019171552,,2330790.38,0.7710071293498303,0.9276391497988953,0.3029617065821611,True
2024-03-11 00:00:00+05:30,248.10000610351562,250.8000030517578,228.35000610351562,229.3000030517578,572747,0.0,0.0,170432610304,0.268,0.495,0.08401,0.31329,329.777,-0.6628436828655886,-0.5891363154665625,,2339024.12,0.24486579471442133,0.9690290530494368,0.2806266184102235,True
2024-03-12 00:00:00+05:30,230.14999389648438,230.1999969482422,219.8000030517578,221.3000030517578,551020,0.0,0.0,170432610304,0.268,0.495,0.08401,0.31329,329.777,-0.6750605579350948,-0.5976746654315807,,2349040.26,0.23457239511084413,0.9725118775913533,0.27083589482800424,True
2024-03-13 00:00:00+05:30,221.0,226.0,201.8000030517578,204.9499969482422,318755,0.0,0.0,170432610304,0.268,0.495,0.08401,0.31329,329.777,-0.6983367830682697,-0.6336364068815983,,2354621.98,0.13537417161119,1.0008588983043634,0.2508260960371144,True
2024-03-14 00:00:00+05:30,204.25,214.64999389648438,195.5500030517578,211.5,411369,0.0,0.0,170432610304,0.268,0.495,0.08401,0.31329,329.777,-0.6885813260737612,-0.6228524746355528,,2359654.0,0.17433445750944843,1.0089110643361985,0.25884225470492106,True
2024-03-15 00:00:00+05:30,211.5500030517578,213.0500030517578,202.9499969482422,208.5,115936,0.0,0.0,170432610304,0.268,0.495,0.08401,0.31329,329.777,-0.6912026122178605,-0.6312498657422755,,2358052.56,0.049165994841098876,1.0061974198682508,0.25517073336158885,True
2024-03-18 00:00:00+05:30,208.4499969482422,219.0,202.39999389648438,214.6999969482422,194687,0.0,0.0,170432610304,0.268,0.495,0.08401,0.31329,329.777,-0.6817845070938555,-0.621361506466029,,2359145.1,0.0825243856344402,1.0130531284495679,0.2627585404029441,True
2024-03-19 00:00:00+05:30,206.0,214.0,202.5,205.89999389648438,411514,0.0,0.0,170432610304,0.268,0.495,0.08401,0.31329,329.777,-0.6937151448174275,-0.6389887665339431,,2364551.54,0.17403469243051475,1.0215994164122932,0.25198874072763827,True
2024-03-20 00:00:00+05:30,207.0,211.9499969482422,196.0,208.3000030517578,430566,0.0,0.0,170432610304,0.268,0.495,0.08401,0.31329,329.777,-0.6849429095365132,-0.6225097279212771,,2363187.34,0.18219715073456683,1.023395326893546,0.254925969006898,True
2024-03-21 00:00:00+05:30,207.14999389648438,209.75,197.64999389648438,205.1999969482422,625267,0.0,0.0,170432610304,0.268,0.495,0.08401,0.31329,329.777,-0.6798502331848599,-0.6369951385158572,,2044539.08,0.30582296328617986,1.022706113727187,0.25113205614905876,True
2024-03-22 00:00:00+05:30,205.89999389648438,208.85000610351562,201.1999969482422,202.1999969482422,143928,0.0,0.0,170432610304,0.268,0.495,0.08401,0.31329,329.777,-0.6834690031118567,-0.6411312197538952,,1905490.44,0.07553330994407928,1.0230163413716737,0.24746053480572652,True
2024-03-26 00:00:00+05:30,203.64999389648438,204.8000030517578,198.89999389648438,202.75,311295,0.0,0.0,170432610304,0.268,0.495,0.08401,0.31329,329.777,-0.6759888134238914,-0.6369859390975442,,1887358.98,0.16493682616753702,1.022481358660469,0.24813365078686875,True
2024-03-27 00:00:00+05:30,202.75,208.0,200.0,204.64999389648438,1061285,0.0,0.0,170432610304,0.268,0.495,0.08401,0.31329,329.777,-0.6705835108306086,-0.6456469285973888,,1894893.16,0.560076431960945,1.0112255215441635,0.25045894016791653,True
2024-03-28 00:00:00+05:30,205.6999969482422,208.0,200.0,204.10000610351562,273787,0.0,0.0,170432610304,0.268,0.495,0.08401,0.31329,329.777,-0.6718649419557627,-0.6499248180594945,,1889489.62,0.1448999756876145,1.0101731693969684,0.24978584286109753,True
2024-04-01 00:00:00+05:30,204.10000610351562,204.5,200.0,201.89999389648438,317593,0.0,0.0,170432610304,0.268,0.495,0.08401,0.31329,329.777,-0.6751407982357451,-0.6509231369762272,,1850373.32,0.17163725642131503,1.010253119297357,0.24709337893652866,True
2024-04-02 00:00:00+05:30,202.0,207.4499969482422,201.5500030517578,204.39999389648438,277368,0.0,0.0,170432610304,0.268,0.495,0.08401,0.31329,329.777,-0.6476773501769246,-0.6522034866790267,,1511211.32,0.18354018152802085,1.0126793070448368,0.2501529800559722,True
2024-04-03 00:00:00+05:30,204.39999389648438,243.0,204.35000610351562,238.35000610351562,11210585,0.0,0.0,170432610304,0.268,0.495,0.08401,0.31329,329.777,-0.5827205864674847,-0.5918078969077079,,1330334.22,8.426893656843616,1.1803745322756785,0.29170237819747363,True
2024-04-04 00:00:00+05:30,236.89999389648438,236.89999389648438,219.35000610351562,221.3000030517578,3704352,0.0,0.0,170432610304,0.268,0.495,0.08401,0.31329,329.777,-0.6130780691868349,-0.6279977705183108,,1266993.26,2.9237345745627725,1.2048817081230996,0.27083589482800424,True
2024-04-05 00:00:00+05:30,224.0,226.25,220.75,221.89999389648438,661128,0.0,0.0,170432610304,0.268,0.495,0.08401,0.31329,329.777,-0.6115876095959276,-0.6202565883053623,,1234265.26,0.5356449876908955,0.9416903318069736,0.27157018789207676,False
2024-04-08 00:00:00+05:30,223.14999389648438,227.0,220.0500030517578,224.3000030517578,551806,0.0,0.0,170432610304,0.268,0.495,0.08401,0.31329,329.777,-0.6081411714100422,-0.6172646302681124,,1229453.06,0.44882234056174536,0.8092492684759267,0.27450741617133645,False
2024-04-09 00:00:00+05:30,224.3000030517578,226.0,216.60000610351562,218.39999389648438,281158,0.0,0.0,170432610304,0.268,0.495,0.08401,0.31329,329.777,-0.6181484583701187,-0.6253061177902828,,1207750.3,0.23279480866202226,0.8131341808059508,0.26728674632485583,False
2024-04-10 00:00:00+05:30,218.60000610351562,221.35000610351562,216.0500030517578,218.0,211833,0.0,0.0,170432610304,0.268,0.495,0.08401,0.31329,329.777,-0.6376028519262018,-0.6264772827691434,,1155089.84,0.18339093000766069,0.7715902700814538,0.26679721761547415,False
2024-04-12 00:00:00+05:30,223.4499969482422,225.89999389648438,216.5,218.89999389648438,311036,0.0,0.0,170432610304,0.268,0.495,0.08401,0.31329,329.777,-0.6689102536289214,-0.62659947772241,,1101214.8,0.2824480746172318,0.7615322259541254,0.26789866654874456,False
2024-04-15 00:00:00+05:30,210.35000610351562,251.75,210.0,245.0500030517578,11416369,0.0,0.0,170432610304,0.268,0.495,0.08401,0.31329,329.777,-0.6005379441266412,-0.5805035682123016,,1284540.82,8.887509701715823,0.8182221080169011,0.2999021054627176,False
2024-04-16 00:00:00+05:30,240.0,244.75,225.0,239.25,2365533,0.0,0.0,170432610304,0.268,0.495,0.08401,0.31329,329.777,-0.5916189980878394,-0.5901006063990313,,1323042.76,1.7879490153439939,0.8223823864184344,0.29280382713074404,False
2024-04-18 00:00:00+05:30,241.0,241.1999969482422,228.10000610351562,230.4499969482422,385638,0.0,0.0,170432610304,0.268,0.495,0.08401,0.31329,329.777,-0.608743638457993,-0.6039900878288469,,1318134.8,0.2925634009511015,0.8340701029865514,0.2820340274554382,False
2024-04-19 00:00:00+05:30,230.3000030517578,234.10000610351562,225.14999389648438,226.5500030517578,398342,0.0,0.0,170432610304,0.268,0.495,0.08401,0.31329,329.777,-0.6116396459531812,-0.6105336266943562,,1309685.32,0.30415092382649594,0.833088077317153,0.27726105717883565,False
2024-04-22 00:00:00+05:30,226.5,231.8000030517578,226.14999389648438,228.60000610351562,290751,0.0,0.0,170432610304,0.268,0.495,0.08401,0.31329,329.777,-0.609964143276104,-0.6076155972638357,,1285953.62,0.2260975788535826,0.8160763349570264,0.27976993383164395,False
2024-04-23 00:00:00+05:30,229.25,230.6999969482422,225.0,227.39999389648438,170806,0.0,0.0,170432610304,0.268,0.495,0.08401,0.31329,329.777,-0.6178793425884692,-0.6085313037081665,,1279748.46,0.1334684161292134,0.816843347334676,0.2783013103548525,False
2024-04-24 00:00:00+05:30,228.85000610351562,229.9499969482422,223.0,225.5500030517578,234103,0.0,0.0,170432610304,0.268,0.495,0.08401,0.31329,329.777,-0.6301549363266732,-0.6130706977804876,,1250265.48,0.18724263266070498,0.8149512495274895,0.27603721673105824,False
2024-04-25 00:00:00+05:30,226.10000610351562,230.5,225.39999389648438,226.85000610351562,192193,0.0,0.0,170432610304,0.268,0.495,0.08401,0.31329,329.777,-0.6313479887806794,-0.6155198396664228,,1222837.1,0.15716974893875887,0.8113443305013603,0.2776282130480335,False
2024-04-26 00:00:00+05:30,228.6999969482422,230.6999969482422,223.0500030517578,225.0500030517578,454833,0.0,0.0,170432610304,0.268,0.495,0.08401,0.31329,329.777,-0.6353989419979622,-0.6179887834002944,,1219652.64,0.3729201127298015,0.8129575495063184,0.2754252965071695,False
2024-04-29 00:00:00+05:30,226.0,229.89999389648438,221.14999389648438,223.8000030517578,480712,0.0,0.0,170432610304,0.268,0.495,0.08401,0.31329,329.777,-0.6428343252926542,-0.6440037206052813,,1221049.68,0.3936875033618616,0.8139591800997785,0.2738954959474478,False
2024-04-30 00:00:00+05:30,224.60000610351562,226.8000030517578,216.10000610351562,221.0,198771,0.0,0.0,170432610304,0.268,0.495,0.08401,0.31329,329.777,-0.6508413054146316,-0.6363939813663243,,1213860.54,0.16375110109436458,0.8160382748476936,0.2704687389588064,False
2024-05-02 00:00:00+05:30,221.4499969482422,225.5,221.0,222.64999389648438,124038,0.0,0.0,170432610304,0.268,0.495,0.08401,0.31329,329.777,-0.6621652408459998,-0.6254008852001158,,1211917.94,0.1023485137945891,0.8138787803827817,0.27248806822790983,False
2024-05-03 00:00:00+05:30,224.4499969482422,224.4499969482422,220.6999969482422,222.1999969482422,86675,0.0,0.0,170432610304,0.268,0.495,0.08401,0.31329,329.777,-0.6574159646745139,-0.6812488803729622,,1208321.12,0.07173175951770171,0.8140035368318561,0.2719373437612746,False
2024-05-06 00:00:00+05:30,221.10000610351562,224.0,217.8000030517578,219.39999389648438,114671,0.0,0.0,170432610304,0.268,0.495,0.08401,0.31329,329.777,-0.6602663393564203,-0.6812210610068472,,1202882.62,0.09533016613042425,0.5504535338952323,0.26851058677263323,False
2024-05-07 00:00:00+05:30,219.39999389648438,220.60000610351562,210.1999969482422,213.0500030517578,169809,0.0,0.0,170432610304,0.268,0.495,0.08401,0.31329,329.777,-0.6721046509399649,-0.7152945027693975,,1200861.84,0.1414059422522744,0.4990851089852053,0.2607392111338407,False
2024-05-08 00:00:00+05:30,214.60000610351562,237.39999389648438,212.25,233.25,4938419,0.0,0.0,170432610304,0.268,0.495,0.08401,0.31329,329.777,-0.6429937878381082,-0.6726814887395528,,1296870.62,3.807950402947674,0.6050980582900385,0.2854607844440796,False
2024-05-09 00:00:00+05:30,232.0,232.0,218.85000610351562,221.5,764375,0.0,0.0,170432610304,0.268,0.495,0.08401,0.31329,329.777,-0.6638591761184939,-0.6803008737280175,,1247664.68,0.6126445769066734,0.6331527617881529,0.2710806591826951,False
2024-05-10 00:00:00+05:30,224.14999389648438,240.89999389648438,220.8000030517578,234.6999969482422,3552009,0.0,0.0,170432610304,0.268,0.495,0.08401,0.31329,329.777,-0.6364621966795587,-0.6575789456530625,,1312809.58,2.705654387439799,0.6585627743486292,0.28723534935849215,True
2024-05-13 00:00:00+05:30,230.6999969482422,234.0,227.5500030517578,230.39999389648438,312953,0.0,0.0,170432610304,0.268,0.495,0.08401,0.31329,329.777,-0.6537941489158763,-0.6789184846656111,,1312114.0,0.23851052576224321,0.6632127769686359,0.2819728316981847,True
2024-05-14 00:00:00+05:30,229.0,232.8000030517578,224.0,225.5,490133,0.0,0.0,170432610304,0.268,0.495,0.08401,0.31329,329.777,-0.6630808245737593,-0.6808456804408842,,1231264.34,0.39807292721561316,0.6690264708599906,0.2759760209738047,True
2024-05-15 00:00:00+05:30,227.35000610351562,228.75,217.25,223.35000610351562,218928,0.0,0.0,170432610304,0.268,0.495,0.08401,0.31329,329.777,-0.6723632065365366,-0.6797946883617945,,1217677.14,0.17979150039722352,0.5062960605420871,0.2733447714808126,False
2024-05-16 00:00:00+05:30,224.85000610351562,227.75,223.0500030517578,225.75,121652,0.0,0.0,170432610304,0.268,0.495,0.08401,0.31329,329.777,-0.667403314917127,-0.6629382002151947,,1211587.54,0.10040710719095047,0.503434503933664,0.27628198108574903,False
2024-05-17 00:00:00+05:30,225.75,227.85000610351562,222.3000030517578,223.0,119825,0.0,0.0,170432610304,0.268,0.495,0.08401,0.31329,329.777,-0.6710429385324949,-0.6881621993009828,,1206125.4,0.09934704965171948,0.488527619741541,0.2729164198543612,False
2024-05-21 00:00:00+05:30,226.5,226.5,220.89999389648438,222.5500030517578,208036,0.0,0.0,170432610304,0.268,0.495,0.08401,0.31329,329.777,-0.671051648707057,-0.6813521270942333,,1195815.64,0.17396996078760102,0.485019796705723,0.27236569538772604,False
2024-05-22 00:00:00+05:30,223.25,226.35000610351562,220.85000610351562,222.64999389648438,155079,0.0,0.0,170432610304,0.268,0.495,0.08401,0.31329,329.777,-0.6699281032900715,-0.6820271980727238,,1184306.5,0.13094498763622422,0.4837424143438529,0.27248806822790983,False
2024-05-23 00:00:00+05:30,223.89999389648438,224.64999389648438,221.0,222.5500030517578,89834,0.0,0.0,170432610304,0.268,0.495,0.08401,0.31329,329.777,-0.6756540186064931,-0.6730720986158196,,1131956.94,0.07936167607223646,0.4834687842027619,0.27236569538772604,False
2024-05-24 00:00:00+05:30,224.0,224.0,220.60000610351562,221.9499969482422,95868,0.0,0.0,170432610304,0.268,0.495,0.08401,0.31329,329.777,-0.6761745126315342,-0.6588304734670174,,1057928.52,0.0906185986932274,0.48273691655920026,0.27163138364933026,False
2024-05-27 00:00:00+05:30,221.9499969482422,224.89999389648438,218.89999389648438,221.75,138123,0.0,0.0,170432610304,0.268,0.495,0.08401,0.31329,329.777,-0.6728385895637805,-0.645611630397271,,1024749.86,0.1347870396391174,0.4821915227491684,0.2713866192946394,False
2024-05-28 00:00:00+05:30,220.85000610351562,222.4499969482422,208.6999969482422,210.9499969482422,1215167,0.0,0.0,170432610304,0.268,0.495,0.08401,0.31329,329.777,-0.688634690851303,-0.6584047468253094,,1037598.26,1.171134384901532,0.5111379060745256,0.25816913872377883,False
2024-05-29 00:00:00+05:30,213.0,215.4499969482422,210.14999389648438,212.14999389648438,142578,0.0,0.0,170432610304,0.268,0.495,0.08401,0.31329,329.777,-0.6862382810969665,-0.6482449059064253,,1029429.42,0.13850196742968546,0.5118773616674879,0.2596377435262471,False
2024-05-30 00:00:00+05:30,212.85000610351562,212.85000610351562,208.64999389648438,211.0,468950,0.0,0.0,170432610304,0.268,0.495,0.08401,0.31329,329.777,-0.6871060908444999,-0.6496570980580376,,1032433.32,0.4542181959024724,0.5105980130412296,0.25823033448103233,False
2024-05-31 00:00:00+05:30,211.0,212.89999389648438,209.64999389648438,211.64999389648438,105938,0.0,0.0,170432610304,0.268,0.495,0.08401,0.31329,329.777,-0.6866301654636457,-0.6453471568236804,,1026324.7,0.1032207448578408,0.5097752431271229,0.25902582330235835,False
2024-06-03 00:00:00+05:30,217.0,229.8000030517578,211.5500030517578,223.5500030517578,1561233,0.0,0.0,170432610304,0.268,0.495,0.08401,0.31329,329.777,-0.685029935819996,-0.6226254279620891,,1055230.64,1.4795182596290042,0.5501518203846538,0.27358953583550344,False
2024-06-04 00:00:00+05:30,220.0,223.10000610351562,197.6999969482422,209.64999389648438,237673,0.0,0.0,170432610304,0.268,0.495,0.08401,0.31329,329.777,-0.7045518586392703,-0.6456939751465278,,1056090.36,0.22504987167954074,0.5927381418671177,0.25657814240680354,False
2024-06-05 00:00:00+05:30,210.8000030517578,218.5,201.9499969482422,214.5500030517578,205501,0.0,0.0,170432610304,0.268,0.495,0.08401,0.31329,329.777,-0.6971343934816798,-0.6322693162090502,,1051970.1,0.19534870810491664,0.5898357777555088,0.26257497180550676,False
2024-06-06 00:00:00+05:30,213.0,218.85000610351562,213.0,214.5500030517578,103496,0.0,0.0,170432610304,0.268,0.495,0.08401,0.31329,329.777,-0.6964273037824438,-0.6420480188133205,,1045428.7,0.09899862133113431,0.47457314859581107,0.26257497180550676,False
2024-06-07 00:00:00+05:30,213.9499969482422,218.0500030517578,212.0,215.14999389648438,138935,0.0,0.0,170432610304,0.268,0.495,0.08401,0.31329,329.777,-0.6969718395824164,-0.6527472188638201,,1035702.06,0.1341457214056328,0.44167040112350225,0.2633092648695793,False
2024-06-10 00:00:00+05:30,218.0,218.0500030517578,213.8000030517578,214.55999755859375,108499,0.0,0.0,170432610304,0.268,0.495,0.08401,0.31329,329.777,-0.6969705511507892,-0.6378014486701531,,1034993.48,0.10483061207303451,0.37907387040988405,0.2625872034872282,False
2024-06-11 00:00:00+05:30,214.55999755859375,216.80999755859375,212.86000061035156,213.83999633789062,127552,0.0,0.0,170432610304,0.268,0.495,0.08401,0.31329,329.777,-0.6952543927349986,-0.6440751446407957,,1031318.62,0.12367855823256638,0.3753854405661877,0.2617060368708826,False
2024-06-12 00:00:00+05:30,213.0,217.5500030517578,212.80999755859375,213.44000244140625,136342,0.0,0.0,170432610304,0.268,0.495,0.08401,0.31329,329.777,-0.6981687123347545,-0.6457726620850441,,1012819.76,0.13461625195780144,0.36944506177825714,0.26121650816150094,False
2024-06-13 00:00:00+05:30,215.69000244140625,216.2100067138672,212.50999450683594,214.0399932861328,108891,0.0,0.0,170432610304,0.268,0.495,0.08401,0.31329,329.777,-0.6976622789808788,-0.645055518032847,,1009521.84,0.10786393685152963,0.36891922963315765,0.2619508012255734,False
2024-06-14 00:00:00+05:30,214.5500030517578,226.89999389648438,213.00999450683594,224.1999969482422,679031,0.0,0.0,170432610304,0.268,0.495,0.08401,0.31329,329.777,-0.6842475870676125,-0.6323877738695474,,1016750.6,0.6678442087961394,0.4066683787758807,0.27438502465682946,False
2024-06-18 00:00:00+05:30,229.0,234.0,220.35000610351562,222.5800018310547,764646,0.0,0.0,170432610304,0.268,0.495,0.08401,0.31329,329.777,-0.7071508382265989,-0.6495563706972585,,1026496.16,0.7449087778370257,0.40508187641428617,0.2724024091072135,False
2024-06-19 00:00:00+05:30,223.94000244140625,226.61000061035156,218.13999938964844,219.24000549316406,205865,0.0,0.0,170432610304,0.268,0.495,0.08401,0.31329,329.777,-0.7079331268066007,-0.6503365532878229,,806401.76,0.2552883813150408,0.40863990296797265,0.2683147864934745,False
2024-06-20 00:00:00+05:30,219.24000549316406,226.4499969482422,219.14999389648438,222.75999450683594,228510,0.0,0.0,170432610304,0.268,0.495,0.08401,0.31329,329.777,-0.7019135579478303,-0.6586524688705191,,736884.92,0.3101026955470876,0.41282019756288,0.27262269142413825,False
2024-06-21 00:00:00+05:30,222.6999969482422,225.55999755859375,218.4199981689453,220.25,417571,0.0,0.0,170432610304,0.268,0.495,0.08401,0.31329,329.777,-0.7052131529103185,-0.6685992536040737,,732013.78,0.5704414471541779,0.4148780889658099,0.26955085862297334,False
2024-06-24 00:00:00+05:30,220.00999450683594,221.92999267578125,214.83999633789062,216.55999755859375,199681,0.0,0.0,170432610304,0.268,0.495,0.08401,0.31329,329.777,-0.7161915981612583,-0.6738961622045645,,724971.28,0.2754329799105973,0.4189832891702453,0.265034884382783,False
2024-06-25 00:00:00+05:30,224.9499969482422,236.25,213.0500030517578,214.5,3844238,0.0,0.0,170432610304,0.268,0.495,0.08401,0.31329,329.777,-0.7168877541238303,-0.6777784481109836,,796232.88,4.828032220925114,0.42009809330594317,0.26251377604825327,False
2024-06-26 00:00:00+05:30,215.89999389648438,217.85000610351562,212.5,212.9199981689453,356456,0.0,0.0,170432610304,0.268,0.495,0.08401,0.31329,329.777,-0.7110206274477123,-0.6793545943627688,,799125.34,0.44605768601956736,0.38218224397075534,0.26058010589984615,False
2024-06-27 00:00:00+05:30,220.0,223.49000549316406,212.10000610351562,214.2100067138672,624161,0.0,0.0,170432610304,0.268,0.495,0.08401,0.31329,329.777,-0.7378411294649,-0.6799196455858425,,805387.84,0.7749819018871703,0.38224805870979955,0.2633513649918742,False
2024-06-28 00:00:00+05:30,217.5,218.92999267578125,212.1199951171875,215.2100067138672,402463,0.0,0.0,170432610304,0.268,0.495,0.08401,0.31329,329.777,-0.7165492173673136,-0.6776508753111614,,585109.72,0.6878419315953255,0.3817622748448746,0.26458077238059463,False
2024-07-01 00:00:00+05:30,218.0,218.5,210.77000427246094,212.77999877929688,437392,0.0,0.0,170432610304,0.268,0.495,0.08401,0.31329,329.777,-0.7150776616800312,-0.676104997655929,,546546.9,0.8002826472897385,0.38425514452214504,0.2615933026711847,False
2024-07-02 00:00:00+05:30,217.0,217.6999969482422,212.17999267578125,214.6199951171875,217863,0.0,0.0,170432610304,0.268,0.495,0.08401,0.31329,329.777,-0.712767677180228,-0.6721001853259934,,543191.4,0.40107961944905607,0.3254250806758016,0.2638554077642059,False
2024-07-03 00:00:00+05:30,216.0,216.52000427246094,212.8000030517578,213.82000732421875,184197,0.0,0.0,170432610304,0.268,0.495,0.08401,0.31329,329.777,-0.7157215975751804,-0.674638996210714,,538908.5,0.3417964274083634,0.2353444246686385,0.262871896860644,False
2024-07-04 00:00:00+05:30,214.39999389648438,216.1999969482422,211.75,212.85000610351562,194535,0.0,0.0,170432610304,0.268,0.495,0.08401,0.31329,329.777,-0.7120925069416861,-0.6795056294808158,,536984.18,0.36227324238863046,0.22068900352333579,0.26167937019284376,False
2024-07-05 00:00:00+05:30,213.0,214.25999450683594,211.5,211.92999267578125,159299,0.0,0.0,170432610304,0.268,0.495,0.08401,0.31329,329.777,-0.7112080129094953,-0.6807545211627202,,536754.04,0.2967821164420113,0.22114199664899786,0.26054829888706516,False
2024-07-08 00:00:00+05:30,213.39999389648438,213.39999389648438,207.8000030517578,210.92999267578125,288239,0.0,0.0,170432610304,0.268,0.495,0.08401,0.31329,329.777,-0.7174224807738647,-0.6812844803258097,,537836.76,0.535922832794099,0.22125443424950839,0.25931889149834475,False
2024-07-09 00:00:00+05:30,211.5,215.1999969482422,210.00999450683594,214.27000427246094,350410,0.0,0.0,170432610304,0.268,0.495,0.08401,0.31329,329.777,-0.7187134830686434,-0.676422736313914,,541001.1,0.6477066312804171,0.22889667386757412,0.2634251264337146,True
2024-07-10 00:00:00+05:30,215.83999633789062,229.5,210.58999633789062,225.6199951171875,1058768,0.0,0.0,170432610304,0.268,0.495,0.08401,0.31329,329.777,-0.7041049244364754,-0.6573739041744578,,553079.8,1.9143132690797964,0.2954844848425244,0.27737888904013025,True
2024-07-11 00:00:00+05:30,224.97999572753906,225.1999969482422,220.5,221.22999572753906,289879,0.0,0.0,170432610304,0.268,0.495,0.08401,0.31329,329.777,-0.7111691465477227,-0.6665789795398545,,549263.14,0.5277597910538836,0.30562807878326664,0.27198179135401845,True
2024-07-12 00:00:00+05:30,222.3800048828125,229.22000122070312,218.3300018310547,226.5,664706,0.0,0.0,170432610304,0.268,0.495,0.08401,0.31329,329.777,-0.7007728431900062,-0.6583685561527062,,558581.84,1.1899885610316296,0.3153431675842858,0.27846077354517,True
2024-07-15 00:00:00+05:30,227.3000030517578,227.3000030517578,218.89999389648438,219.86000061035156,244278,0.0,0.0,170432610304,0.268,0.495,0.08401,0.31329,329.777,-0.7125637421978497,-0.671314627887083,,560986.64,0.43544352500088057,0.28842759471150387,0.2702975092344373,True
2024-07-16 00:00:00+05:30,220.25,225.72999572753906,216.47999572753906,217.38999938964844,305708,0.0,0.0,170432610304,0.268,0.495,0.08401,0.31329,329.777,-0.7217229954010338,-0.6746851813659664,,565367.3,0.540724587361172,0.2899549779699608,0.26726087148355643,True
2024-07-18 00:00:00+05:30,217.60000610351562,218.4600067138672,215.27000427246094,215.85000610351562,74503,0.0,0.0,170432610304,0.268,0.495,0.08401,0.31329,329.777,-0.7189087130603784,-0.6690731514415562,,564563.94,0.1319655662031833,0.2862275816820872,0.265367592359005,True
2024-07-19 00:00:00+05:30,215.0,215.85000610351562,211.25,212.57000732421875,117045,0.0,0.0,170432610304,0.268,0.495,0.08401,0.31329,329.777,-0.7281191865934209,-0.6730825244518337,,563508.66,0.207707544370303,0.2835539334577895,0.26133513762474353,True
2024-07-22 00:00:00+05:30,212.57000732421875,213.05999755859375,209.8000030517578,211.86000061035156,83747,0.0,0.0,170432610304,0.268,0.495,0.08401,0.31329,329.777,-0.7249821414621214,-0.6729851422755151,,466415.22,0.17955460372841178,0.28157692793805533,0.2604622501246741,True
2024-07-23 00:00:00+05:30,212.8800048828125,220.0,208.0,213.74000549316406,165695,0.0,0.0,170432610304,0.268,0.495,0.08401,0.31329,329.777,-0.717890848537275,-0.6738923692434969,,454441.62,0.3646122905732094,0.27819120155052185,0.2627735420184342,True
2024-07-24 00:00:00+05:30,213.2899932861328,214.14999389648438,210.66000366210938,210.92999267578125,109359,0.0,0.0,170432610304,0.268,0.495,0.08401,0.31329,329.777,-0.7295422668639451,-0.6820570280823741,,385588.62,0.2836157353399071,0.2800438791679898,0.25931889149834475,False
2024-07-25 00:00:00+05:30,211.14999389648438,213.47999572753906,208.5,209.4600067138672,128250,0.0,0.0,170432610304,0.268,0.495,0.08401,0.31329,329.777,-0.7357138225474522,-0.6776075277176099,,381894.56,0.3358256792136552,0.2799219606745711,0.2575116798954524,False
2024-07-26 00:00:00+05:30,210.5500030517578,213.5,208.39999389648438,208.88999938964844,295980,0.0,0.0,170432610304,0.268,0.495,0.08401,0.31329,329.777,-0.7322609636998851,-0.6781099233961805,,378011.5,0.782992051829111,0.27885435473767917,0.25681090867943307,False
2024-07-29 00:00:00+05:30,210.94000244140625,212.5500030517578,209.41000366210938,210.0,157328,0.0,0.0,170432610304,0.268,0.495,0.08401,0.31329,329.777,-0.7365780271144007,-0.6748115628352291,,376779.5,0.4175598725514525,0.2790411765148862,0.2581755516312834,False
2024-07-30 00:00:00+05:30,211.85000610351562,216.16000366210938,209.0,209.58999633789062,243472,0.0,0.0,170432610304,0.268,0.495,0.08401,0.31329,329.777,-0.736530488575876,-0.6815340186658293,,379215.9,0.6420405895427908,0.27646565640721227,0.25767149009968376,False
2024-07-31 00:00:00+05:30,209.85000610351562,211.75,208.6999969482422,208.97000122070312,145814,0.0,0.0,170432610304,0.268,0.495,0.08401,0.31329,329.777,-0.7402486000985666,-0.6862861996016734,,379735.68,0.38398814670246423,0.27437108253686565,0.2569092635216429,False
2024-08-01 00:00:00+05:30,210.58999633789062,228.5,209.22000122070312,225.5500030517578,2366738,0.0,0.0,170432610304,0.268,0.495,0.08401,0.31329,329.777,-0.7181153581580847,-0.6629988316161106,,422909.72,5.5963197062484165,0.39577923901202133,0.2772928402777392,False
2024-08-02 00:00:00+05:30,218.9199981689453,220.89999389648438,213.11000061035156,214.02999877929688,613133,0.0,0.0,170432610304,0.268,0.495,0.08401,0.31329,329.777,-0.7334786102574786,-0.6738265292075252,,432070.8,1.419056784212217,0.4395287203393431,0.2631300619070852,False
2024-08-05 00:00:00+05:30,209.0,212.86000061035156,206.5500030517578,208.4600067138672,303992,0.0,0.0,170432610304,0.268,0.495,0.08401,0.31329,329.777,-0.7396365448606288,-0.6903932079583446,,436353.96,0.6966637818526958,0.4494136168537818,0.25628227250673197,False
2024-08-06 00:00:00+05:30,208.0,211.39999389648438,204.35000610351562,206.22000122070312,176198,0.0,0.0,170432610304,0.268,0.495,0.08401,0.31329,329.777,-0.7423377178593289,-0.696997876829189,,437960.56,0.40231476551221873,0.4506799384510024,0.2535283932026618,False
2024-08-07 00:00:00+05:30,207.8000030517578,208.60000610351562,205.75,206.7100067138672,126306,0.0,0.0,170432610304,0.268,0.495,0.08401,0.31329,329.777,-0.7450385362764512,-0.6926252785487954,,437724.22,0.288551545080142,0.4466236601744826,0.2541308095764713,False
2024-08-08 00:00:00+05:30,205.75,208.60000610351562,204.75,205.02000427246094,115628,0.0,0.0,170432610304,0.268,0.495,0.08401,0.31329,329.777,-0.7419184315563426,-0.690236621183401,,415733.44,0.27813014031298516,0.39793444446667037,0.2520531080880509,False
2024-08-09 00:00:00+05:30,206.25,210.72999572753906,201.3000030517578,207.80999755859375,213418,0.0,0.0,170432610304,0.268,0.495,0.08401,0.31329,329.777,-0.730327012532563,-0.6948101230535597,,417150.24,0.5116094383644607,0.39874065163396644,0.2554831464485029,False
2024-08-12 00:00:00+05:30,207.1999969482422,208.25999450683594,204.60000610351562,205.58999633789062,102395,0.0,0.0,170432610304,0.268,0.495,0.08401,0.31329,329.777,-0.7356265802308732,-0.6970181752045028,,409819.14,0.24985411857533057,0.3867836146971551,0.25275386054480214,False
2024-08-13 00:00:00+05:30,203.58999633789062,206.39999389648438,201.0,201.64999389648438,113733,0.0,0.0,170432610304,0.268,0.495,0.08401,0.31329,329.777,-0.7464797740671036,-0.7020978991343181,,409975.04,0.27741444942599436,0.3797796909395656,0.2479099924317609,False
2024-08-14 00:00:00+05:30,201.89999389648438,202.94000244140625,199.22999572753906,200.30999755859375,74659,0.0,0.0,170432610304,0.268,0.495,0.08401,0.31329,329.777,-0.7467155544764543,-0.7027482490076071,,380243.56,0.19634520568869068,0.37897640443523556,0.24626259103309991,False
2024-08-16 00:00:00+05:30,201.6999969482422,204.67999267578125,200.49000549316406,203.19000244140625,67096,0.0,0.0,170432610304,0.268,0.495,0.08401,0.31329,329.777,-0.73683459543279,-0.6990447456308777,,376832.02,0.17805280984349472,0.38414530706809225,0.2498032903155804,False
2024-08-19 00:00:00+05:30,203.8000030517578,206.0,202.7899932861328,204.07000732421875,76336,0.0,0.0,170432610304,0.268,0.495,0.08401,0.31329,329.777,-0.7395571303637891,-0.6916939995518544,,374248.72,0.20397130549972223,0.3819985696841286,0.2508851748206201,False
2024-08-20 00:00:00+05:30,204.10000610351562,208.5500030517578,203.5500030517578,204.8300018310547,192028,0.0,0.0,170432610304,0.268,0.495,0.08401,0.31329,329.777,-0.7359417318451886,-0.6850089848334884,,376019.36,0.5106864710370232,0.3824359795862289,0.25181951768271116,False
2024-08-21 00:00:00+05:30,207.89999389648438,226.0,205.39999389648438,211.8699951171875,7744724,0.0,0.0,170432610304,0.268,0.495,0.08401,0.31329,329.777,-0.7267780104688141,-0.6745615041685792,,528135.14,14.664284599581842,0.4017548155609297,0.2604745374452248,False
2024-08-22 00:00:00+05:30,214.3000030517578,218.89999389648438,206.39999389648438,214.24000549316406,2240234,0.0,0.0,170432610304,0.268,0.495,0.08401,0.31329,329.777,-0.7282597680633167,-0.6816745461122824,,570769.84,3.9249340855151003,0.40059011873566275,0.2633882457127944,False
2024-08-23 00:00:00+05:30,212.0,217.0,207.25999450683594,214.13999938964844,2138329,0.0,0.0,170432610304,0.268,0.495,0.08401,0.31329,329.777,-0.7248442025189227,-0.6762259132981168,,610985.38,3.499803874194175,0.3995216961360032,0.26326529747021515,False
2024-08-26 00:00:00+05:30,214.13999938964844,216.99000549316406,212.39999389648438,214.8699951171875,221268,0.0,0.0,170432610304,0.268,0.495,0.08401,0.31329,329.777,-0.7279610030274551,-0.6754471160959951,,612683.9,0.3611454454735957,0.39927531370813685,0.264162759611386,False
2024-08-27 00:00:00+05:30,214.14999389648438,217.1699981689453,207.89999389648438,213.50999450683594,1820502,0.0,0.0,170432610304,0.268,0.495,0.08401,0.31329,329.777,-0.719747980115605,-0.6748065027028127,,646916.12,2.8141237228715217,0.40001879318005035,0.26249076481235556,False
2024-08-28 00:00:00+05:30,214.0,215.88999938964844,211.39999389648438,213.77000427246094,192157,0.0,0.0,170432610304,0.268,0.495,0.08401,0.31329,329.777,-0.7280625735764429,-0.6780745335220787,,637178.64,0.30157476716419745,0.3998535478013164,0.2628104227393544,False
2024-08-29 00:00:00+05:30,215.02999877929688,219.0,211.00999450683594,212.39999389648438,628763,0.0,0.0,170432610304,0.268,0.495,0.08401,0.31329,329.777,-0.7226248855416463,-0.6859094250237646,,634460.98,0.9910191797768241,0.400526105950052,0.26112612186050516,False
2024-08-30 00:00:00+05:30,212.60000610351562,216.2899932861328,200.66000366210938,205.52000427246094,7480393,0.0,0.0,170432610304,0.268,0.495,0.08401,0.31329,329.777,-0.7246885408272459,-0.6841775939816621,,779951.54,9.590843297777193,0.2930167674807419,0.2526678117824111,False
2024-09-02 00:00:00+05:30,209.8800048828125,211.9499969482422,205.5500030517578,207.6300048828125,459929,0.0,0.0,170432610304,0.268,0.495,0.08401,0.31329,329.777,-0.7268745046714535,-0.6802379493403576,,784579.92,0.5862105163231809,0.23967604482550517,0.25526186212298185,False
2024-09-03 00:00:00+05:30,207.6300048828125,213.39999389648438,207.0,212.10000610351562,581312,0.0,0.0,170432610304,0.268,0.495,0.08401,0.31329,329.777,-0.7268512477739657,-0.6678376308833651,,787854.74,0.7378415975513456,0.23427788977550607,0.2607573146513035,False
2024-09-04 00:00:00+05:30,214.0,214.4499969482422,210.0,213.5399932861328,356247,0.0,0.0,170432610304,0.268,0.495,0.08401,0.31329,329.777,-0.7274363520850854,-0.6684069828804917,,790986.06,0.4503834113081588,0.2308923952251336,0.26252764553327573,False
2024-09-05 00:00:00+05:30,215.0,216.1300048828125,212.64999389648438,214.89999389648438,329872,0.0,0.0,170432610304,0.268,0.495,0.08401,0.31329,329.777,-0.7279058024589178,-0.6655336258768183,,720698.74,0.4577113593954667,0.23144828873957246,0.2641996403323062,False
2024-09-06 00:00:00+05:30,214.30999755859375,217.9499969482422,211.1999969482422,213.22000122070312,271123,0.0,0.0,170432610304,0.268,0.495,0.08401,0.31329,329.777,-0.7302378610390772,-0.6662566761390099,,718992.08,0.37708760296775456,0.23124190102903333,0.2621342449237046,False
2024-09-09 00:00:00+05:30,210.0,215.0,209.9199981689453,213.82000732421875,207401,0.0,0.0,170432610304,0.268,0.495,0.08401,0.31329,329.777,-0.7328251773264649,-0.6647218347743713,,710656.88,0.29184407530114953,0.22723392131945605,0.262871896860644,False
2024-09-10 00:00:00+05:30,213.82000732421875,215.4600067138672,211.27000427246094,214.6199951171875,195294,0.0,0.0,170432610304,0.268,0.495,0.08401,0.31329,329.777,-0.7324607431421997,-0.6716731444992081,,706513.5,0.2764193465517644,0.22267971821400323,0.2638554077642059,False
2024-09-11 00:00:00+05:30,213.60000610351562,214.5,211.72000122070312,212.00999450683594,217863,0.0,0.0,170432610304,0.268,0.495,0.08401,0.31329,329.777,-0.7365680942811165,-0.6841890253520921,,702122.92,0.31029182183655246,0.21500456338466942,0.2606466537292749,False
2024-09-12 00:00:00+05:30,211.0,213.8000030517578,209.0,213.02999877929688,162322,0.0,0.0,170432610304,0.268,0.495,0.08401,0.31329,329.777,-0.7336126103194978,-0.6898156072463852,,701012.1,0.2315537777450632,0.21230305081531237,0.2619006545183648,False
2024-09-13 00:00:00+05:30,214.0,221.9499969482422,211.97999572753906,214.16000366210938,393595,0.0,0.0,170432610304,0.268,0.495,0.08401,0.31329,329.777,-0.7343751892562984,-0.6876971197497446,,705200.06,0.5581323972093819,0.20835524473954262,0.26328989087058463,False
2024-09-16 00:00:00+05:30,215.0,216.6999969482422,212.07000732421875,212.6199951171875,83163,0.0,0.0,170432610304,0.268,0.495,0.08401,0.31329,329.777,-0.7381204720733534,-0.6857599121317108,,702972.62,0.11830190484517021,0.21116467079507173,0.2613965929867651,False
2024-09-17 00:00:00+05:30,212.25999450683594,214.0,210.0,213.1999969482422,234284,0.0,0.0,170432610304,0.268,0.495,0.08401,0.31329,329.777,-0.7378903484766649,-0.6872419382667312,,704472.32,0.3325666507379595,0.2110950304929492,0.2625292493013763,False
2024-09-18 00:00:00+05:30,215.3000030517578,215.3000030517578,210.0,210.8000030517578,98870,0.0,0.0,170432610304,0.268,0.495,0.08401,0.31329,329.777,-0.7396727347307714,-0.6911269914220207,,700684.94,0.14110478812346103,0.17810462143682823,0.2595739556569543,False
2024-09-19 00:00:00+05:30,208.75,211.2899932861328,207.22999572753906,209.6699981689453,172677,0.0,0.0,170432610304,0.268,0.495,0.08401,0.31329,329.777,-0.7414832608043065,-0.6955884456232933,,697130.28,0.24769688672825974,0.17371390992551866,0.2581824953481454,False
2024-09-20 00:00:00+05:30,209.50999450683594,210.5,208.0,208.82000732421875,94764,0.0,0.0,170432610304,0.268,0.495,0.08401,0.31329,329.777,-0.7421338472808114,-0.6969473618849263,,677850.2,0.13980079964570344,0.17402871185589136,0.25713583746084123,False
2024-09-23 00:00:00+05:30,209.0,210.0,206.17999267578125,206.75,135546,0.0,0.0,170432610304,0.268,0.495,0.08401,0.31329,329.777,-0.7454131188086441,-0.700752546312615,,674763.54,0.20087925912535226,0.1757656472114663,0.258987853139763,False
2024-09-24 00:00:00+05:30,206.6300048828125,207.69000244140625,204.5,204.8000030517578,129674,0.0,0.0,170432610304,0.268,0.495,0.08401,0.31329,329.777,-0.739241155225904,-0.7028630345888154,,664062.9,0.1952736706116243,0.1771500800001268,0.2565451662074567,False
2024-09-25 00:00:00+05:30,204.88999938964844,210.85000610351562,204.5500030517578,208.19000244140625,242711,0.0,0.0,170432610304,0.268,0.495,0.08401,0.31329,329.777,-0.7325239172973803,-0.7004115472841103,,664031.56,0.36551124166447746,0.18884534658506338,0.26079168937103664,False
2024-09-26 00:00:00+05:30,207.1999969482422,210.35000610351562,205.3000030517578,207.17999267578125,2708326,0.0,0.0,170432610304,0.268,0.495,0.08401,0.31329,329.777,-0.7318231882086286,-0.7001712354781962,,712083.92,3.8033803656175804,0.18836180772217456,0.2595264885930467,False
2024-09-27 00:00:00+05:30,208.25999450683594,208.49000549316406,204.27999877929688,206.10000610351562,302523,0.0,0.0,170432610304,0.268,0.495,0.08401,0.31329,329.777,-0.7316231488672036,-0.7034594266960261,,716644.32,0.4221382791396435,0.14927394071320899,0.25817363053369563,False
2024-09-30 00:00:00+05:30,206.0,207.85000610351562,202.8000030517578,206.9499969482422,362085,0.0,0.0,170432610304,0.268,0.495,0.08401,0.31329,329.777,-0.7343218515885477,-0.7018306318712726,,721545.12,0.501818929909747,0.14531024462742642,0.25923838170208346,False
2024-10-01 00:00:00+05:30,203.61000061035156,208.0,203.61000061035156,206.4600067138672,235652,0.0,0.0,170432610304,0.268,0.495,0.08401,0.31329,329.777,-0.7322005273431083,-0.6981137602813311,,724583.22,0.3252242026802663,0.12076685863803874,0.258624589591514,False
2024-10-03 00:00:00+05:30,206.39999389648438,206.39999389648438,202.00999450683594,204.50999450683594,128366,0.0,0.0,170432610304,0.268,0.495,0.08401,0.31329,329.777,-0.7438181164548965,-0.7015223892164042,,723836.64,0.17734111939953745,0.12005671104011452,0.25661583709682967,False
2024-10-04 00:00:00+05:30,202.6999969482422,204.08999633789062,201.3000030517578,202.97000122070312,118197,0.0,0.0,170432610304,0.268,0.495,0.08401,0.31329,329.777,-0.7373746423853853,-0.7006706748739053,,724013.4,0.1632525033376454,0.11710658430029147,0.2546834784011217,False
2024-10-07 00:00:00+05:30,202.0,203.74000549316406,196.1999969482422,197.6999969482422,220219,0.0,0.0,170432610304,0.268,0.495,0.08401,0.31329,329.777,-0.7412811743350591,-0.7124933895390421,,725852.78,0.3033934787712737,0.14235911655208072,0.24807076218085783,False
2024-10-08 00:00:00+05:30,197.0,203.0,195.5,202.75999450683594,165792,0.0,0.0,170432610304,0.268,0.495,0.08401,0.31329,329.777,-0.7345030885610753,-0.7074887841282702,,723249.02,0.22923224977200798,0.17538847708981337,0.25441996536937506,False
2024-10-09 00:00:00+05:30,202.5,204.47999572753906,196.50999450683594,202.10000610351562,358773,0.0,0.0,170432610304,0.268,0.495,0.08401,0.31329,329.777,-0.7439989828633818,-0.7076629983942333,,727277.92,0.4933093527712212,0.17378743220458745,0.25359182258348995,False
2024-10-10 00:00:00+05:30,202.10000610351562,202.3800048828125,198.5,199.58999633789062,106891,0.0,0.0,170432610304,0.268,0.495,0.08401,0.31329,329.777,-0.7435564699109536,-0.7111554004804416,,724546.3,0.14752818418919536,0.17397167289147558,0.2504423028806495,False
2024-10-11 00:00:00+05:30,199.89999389648438,200.25,196.89999389648438,197.4199981689453,132453,0.0,0.0,170432610304,0.268,0.495,0.08401,0.31329,329.777,-0.7522805757638164,-0.7129992930858078,,724279.08,0.18287563959461595,0.17359052770248262,0.251426381940621,False
2024-10-14 00:00:00+05:30,198.0,198.72999572753906,193.89999389648438,195.42999267578125,261665,0.0,0.0,170432610304,0.268,0.495,0.08401,0.31329,329.777,-0.7504405583341323,-0.7190028633067854,,682177.62,0.38357312278875405,0.17153555606550613,0.2488919888404852,False
2024-10-15 00:00:00+05:30,195.83999633789062,203.39999389648438,194.0,195.27999877929688,503180,0.0,0.0,170432610304,0.268,0.495,0.08401,0.31329,329.777,-0.750918368903958,-0.7162468949361418,,679978.56,0.7399939198082951,0.17171947738322493,0.24870096248522217,False
2024-10-16 00:00:00+05:30,198.0,200.89999389648438,194.57000732421875,196.74000549316406,262641,0.0,0.0,170432610304,0.268,0.495,0.08401,0.31329,329.777,-0.7494396301138999,-0.7157856583654274,,679151.54,0.386719288010449,0.1750513832132621,0.25075199033270307,False
2024-10-17 00:00:00+05:30,197.6699981689453,197.75,193.63999938964844,194.8300018310547,152448,0.0,0.0,170432610304,0.268,0.495,0.08401,0.31329,329.777,-0.7516665542508842,-0.71796681401992,,678676.54,0.22462541581295856,0.17427877013987833,0.24831762413140032,False
2024-10-18 00:00:00+05:30,194.0,196.7899932861328,193.0,195.66000366210938,85512,0.0,0.0,170432610304,0.268,0.495,0.08401,0.31329,329.777,-0.7476819903513372,-0.7181162367293785,,677860.66,0.12614981963992422,0.1765219993484444,0.2493754903777443,False
2024-10-21 00:00:00+05:30,195.64999389648438,196.24000549316406,191.0,191.77000427246094,56341,0.0,0.0,170432610304,0.268,0.495,0.08401,0.31329,329.777,-0.7511258097326897,-0.7229465086800771,,676674.92,0.08326154603158632,0.1859941460196195,0.24441755064961293,False
2024-10-22 00:00:00+05:30,193.0,193.0,183.8000030517578,185.2100067138672,138506,0.0,0.0,170432610304,0.268,0.495,0.08401,0.31329,329.777,-0.7605404308090029,-0.7346359631809327,,675176.68,0.20514037895977094,0.21382788051686086,0.23605660524721883,False
2024-10-23 00:00:00+05:30,185.0,186.24000549316406,181.4600067138672,182.8000030517578,110079,0.0,0.0,170432610304,0.268,0.495,0.08401,0.31329,329.777,-0.7620875787594631,-0.7373770909683356,,675330.36,0.16300022406811387,0.21509740702947608,0.23298497162868656,False
2024-10-24 00:00:00+05:30,182.8000030517578,183.97000122070312,180.0,180.33999633789062,117755,0.0,0.0,170432610304,0.268,0.495,0.08401,0.31329,329.777,-0.763006776470324,-0.7390138034203284,,675410.8,0.17434574632209018,0.19999222891492707,0.22984960737885968,False
2024-10-25 00:00:00+05:30,181.0,185.8000030517578,177.99000549316406,183.05999755859375,232306,0.0,0.0,170432610304,0.268,0.495,0.08401,0.31329,329.777,-0.758097129093368,-0.7347142879634565,,678563.74,0.3423495632112615,0.21489890886110283,0.23331634368441695,False
2024-10-28 00:00:00+05:30,183.10000610351562,185.0,179.10000610351562,184.4499969482422,121596,0.0,0.0,170432610304,0.268,0.495,0.08401,0.31329,329.777,-0.7579396365508633,-0.7326816131193168,,679653.74,0.1789087484459366,0.2203251392271365,0.2350879463264007,False
2024-10-29 00:00:00+05:30,184.4499969482422,186.5,183.0,184.49000549316406,47866,0.0,0.0,170432610304,0.268,0.495,0.08401,0.31329,329.777,-0.7557232631669459,-0.7315379296685572,,679084.34,0.07048609013719857,0.21850412073412584,0.23513893861057966,False
2024-10-30 00:00:00+05:30,191.0,216.0,191.0,210.67999267578125,23178129,0.0,0.0,170432610304,0.268,0.495,0.08401,0.31329,329.777,-0.7189809400488558,-0.6946044093179877,,1138806.36,20.35300277037441,0.568085631813517,0.2685189895888614,False
2024-10-31 00:00:00+05:30,204.27999877929688,212.39999389648438,201.0,202.49000549316406,3400197,0.0,0.0,170432610304,0.268,0.495,0.08401,0.31329,329.777,-0.7318013172275972,-0.7039391548584875,,1051915.82,3.23238507811395,0.5850125182039707,0.25808056563084264,False
2024-11-01 00:00:00+05:30,204.0,207.5,204.0,206.2899932861328,155622,0.0,0.0,170432610304,0.268,0.495,0.08401,0.31329,329.777,-0.7208525124680205,-0.7017042463336514,,1010223.58,0.15404708727943175,0.5878986961103209,0.26292378244350045,False
2024-11-04 00:00:00+05:30,202.2899932861328,209.2100067138672,201.14999389648438,206.11000061035156,1301342,0.0,0.0,170432610304,0.268,0.495,0.08401,0.31329,329.777,-0.7259722210726315,-0.7019237397895896,,993483.84,1.3098773705267315,0.5790762337027257,0.2626943755082698,False
2024-11-05 00:00:00+05:30,208.0,214.5,206.10000610351562,210.74000549316406,1878745,0.0,0.0,170432610304,0.268,0.495,0.08401,0.31329,329.777,-0.7240177943543598,-0.6980777132647722,,1026633.38,1.8300057611608147,0.5775375863344001,0.2685954780151298,False
2024-11-06 00:00:00+05:30,213.6999969482422,213.6999969482422,208.42999267578125,210.05999755859375,472686,0.0,0.0,170432610304,0.268,0.495,0.08401,0.31329,329.777,-0.7260563368510269,-0.694686790803122,,999677.06,0.47283869852930305,0.5775338467200397,0.2677287842148114,False
2024-11-07 00:00:00+05:30,208.89999389648438,210.77000427246094,206.69000244140625,207.47000122070312,212145,0.0,0.0,170432610304,0.268,0.495,0.08401,0.31329,329.777,-0.7263289699220092,-0.703926162112472,,1000076.82,0.21212870427293776,0.5775031036062467,0.26442774366104843,False
2024-11-08 00:00:00+05:30,207.4499969482422,210.5500030517578,205.0500030517578,206.60000610351562,391869,0.0,0.0,170432610304,0.268,0.495,0.08401,0.31329,329.777,-0.7285151036747495,-0.7143824187121697,,995338.94,0.39370407833134713,0.5759323626717865,0.26331890457838364,False
